// MilkShape 3D ASCII

Frames: 30
Frame: 1

Meshes: 6
"default" 0 0
90
0 0.000000 -30.271166 2.556633 0.281250 0.500000 -1
0 0.000000 -31.000000 0.000002 0.281250 0.500000 -1
0 30.000000 -1.000000 0.000000 0.281250 0.500000 -1
0 29.271166 -1.000000 2.556629 0.281250 0.500000 -1
0 18.500000 9.771165 2.556628 0.281250 0.500000 -1
0 18.500000 10.500000 -0.000001 0.281250 0.500000 -1
0 0.000000 -8.000000 0.000001 0.281250 0.500000 -1
0 0.000000 -8.728835 2.556631 0.281250 0.500000 -1
0 -18.500000 10.500000 -0.000001 0.281250 0.500000 -1
0 -18.500000 9.771165 2.556628 0.281250 0.500000 -1
0 -29.271166 -1.000000 2.556629 0.281250 0.500000 -1
0 -30.000000 -1.000000 0.000000 0.281250 0.500000 -1
0 -7.692307 4.955877 7.250000 0.618249 0.423006 -1
0 -9.484635 4.213471 2.556600 0.618249 0.425224 -1
0 0.000000 -5.271165 2.556630 0.618249 0.566889 -1
0 -7.692307 28.192308 7.249997 0.499916 0.045651 -1
0 -9.484635 29.984636 2.556625 0.499916 0.040297 -1
0 -9.484635 4.213471 2.556600 0.499916 0.425224 -1
0 -9.484635 4.213471 2.556600 0.281250 0.500000 -1
0 0.000000 -6.000000 0.000000 0.281250 0.500000 -1
0 0.000000 -5.271165 2.556630 0.281250 0.500000 -1
0 -9.484635 29.984636 2.556625 0.281250 0.500000 -1
0 -10.000000 30.500000 -0.000002 0.281250 0.500000 -1
0 -10.000000 4.000000 -0.000000 0.281250 0.500000 -1
0 9.484635 29.984636 2.556625 0.281250 0.500000 -1
0 10.000000 30.500000 -0.000002 0.281250 0.500000 -1
0 0.000000 29.984636 2.556625 0.281250 0.500000 -1
0 9.484635 4.213471 2.556629 0.281250 0.500000 -1
0 10.000000 4.000000 -0.000000 0.281250 0.500000 -1
0 0.000000 30.500000 -0.000002 0.281250 0.500000 -1
0 0.000000 -5.271165 2.556630 0.918038 0.572338 -1
0 9.484635 4.213471 2.556629 0.918038 0.438245 -1
0 7.692307 4.955877 7.250000 0.918038 0.436027 -1
0 -7.692307 28.192308 7.249997 0.321729 0.046089 -1
0 0.000000 28.192308 7.249997 0.321729 0.046089 -1
0 0.000000 29.984636 2.556625 0.321729 0.030026 -1
0 -7.692307 4.955877 7.250000 0.618249 0.416353 -1
0 0.000000 -5.271165 2.556630 0.618249 0.559317 -1
0 0.000000 -2.736429 7.250001 0.618249 0.536601 -1
0 0.000000 -2.736429 7.250001 0.918038 0.549622 -1
0 7.692307 4.955877 7.250000 0.866435 0.423006 -1
0 9.484635 4.213471 2.556629 0.866435 0.425224 -1
0 9.484635 29.984636 2.556625 0.866435 0.040297 -1
0 7.692307 28.192308 7.249997 0.866435 0.045651 -1
0 7.692307 28.192308 7.249997 0.321729 0.030026 -1
0 9.484635 29.984636 2.556625 0.321729 0.024672 -1
0 0.000000 29.984636 2.556625 0.321729 0.024672 -1
0 29.271166 -1.000000 2.556629 0.615625 0.503094 -1
0 18.500000 9.771165 2.556628 0.615625 0.342212 -1
0 18.500000 7.236432 7.250000 0.615625 0.349784 -1
0 -18.500000 7.236432 7.250000 0.393949 0.166190 -1
0 -18.500000 9.771165 2.556628 0.393949 0.158618 -1
0 -29.271166 -1.000000 2.556629 0.393949 0.319500 -1
0 -26.736431 -1.000000 7.250001 0.393949 0.319500 -1
0 0.000000 -27.736431 7.250005 0.925457 0.901475 -1
0 0.000000 -30.271166 2.556633 0.925457 0.909047 -1
0 29.271166 -1.000000 2.556629 0.925457 0.636716 -1
0 -26.736431 -1.000000 7.250001 0.703464 0.645819 -1
0 -29.271166 -1.000000 2.556629 0.703464 0.645819 -1
0 0.000000 -27.736431 7.250005 0.702233 0.932725 -1
0 26.736431 -1.000000 7.250001 0.615625 0.503094 -1
0 0.000000 -8.728835 2.556631 0.858125 0.640670 -1
0 -18.500000 9.771165 2.556628 0.661882 0.364348 -1
0 -18.500000 7.236432 7.250000 0.661882 0.371920 -1
0 0.000000 -11.263569 7.250003 0.858125 0.648242 -1
0 0.000000 -30.271166 2.556633 0.702233 0.940297 -1
0 18.500000 7.236432 7.250000 0.451328 0.398298 -1
0 18.500000 9.771165 2.556628 0.453424 0.391992 -1
0 0.000000 -8.728835 2.556631 0.376934 0.622103 -1
0 0.000000 -11.263569 7.250003 0.374838 0.628409 -1
0 0.000000 -27.736431 7.250005 0.927152 0.919704 -1
0 29.271166 -1.000000 2.556629 0.927152 0.654945 -1
0 26.736431 -1.000000 7.250001 0.927152 0.654945 -1
0 -9.484635 29.984636 2.556625 0.321729 0.024672 -1
0 -7.692307 28.192308 7.249997 0.321729 0.030026 -1
0 -7.692307 4.955877 7.250000 0.546791 0.411531 -1
0 0.000000 -11.263569 7.250003 0.148999 0.473090 -1
0 0.000000 -27.736431 7.250005 0.231552 0.473712 -1
0 18.500000 7.236432 7.250000 0.099703 0.294042 -1
0 -18.500000 7.236432 7.250000 0.101398 0.655140 -1
0 0.000000 -27.736431 7.250005 0.232057 0.472028 -1
0 0.000000 -11.263569 7.250003 0.149515 0.474814 -1
0 -26.736431 -1.000000 7.250001 0.165064 0.723093 -1
0 0.000000 -2.736429 7.250001 0.130164 0.481917 -1
0 0.000000 28.192308 7.249997 0.015877 0.481326 -1
0 -7.692307 28.192308 7.249997 0.015750 0.579762 -1
0 -7.692307 4.955877 7.250000 0.102693 0.580211 -1
0 7.692307 4.955877 7.250000 0.102947 0.383338 -1
0 7.692307 28.192308 7.249997 0.016004 0.382888 -1
0 26.736431 -1.000000 7.250001 0.162918 0.224425 -1
62
0.305261 -0.915783 0.261068
-0.305261 -0.915783 0.261068
0.915783 -0.305261 0.261068
0.915783 0.305261 0.261068
-0.305261 0.915783 0.261068
0.305261 0.915783 0.261068
-0.305261 0.915783 0.261068
0.305261 0.915783 0.261068
0.305261 0.915783 0.261068
-0.305261 0.915783 0.261068
-0.915783 -0.305261 0.261068
-0.915783 0.305261 0.261068
-0.660579 -0.660577 0.356754
-0.934198 -0.000000 0.356755
-0.934198 -0.000000 0.356756
-0.843381 -0.494041 0.211261
-0.305261 -0.915783 0.261069
0.305261 -0.915783 0.261068
-0.863408 0.431704 0.261070
-0.431704 0.863409 0.261068
-0.945701 -0.247021 0.211261
0.680014 0.680015 0.274154
0.680014 0.680015 0.274154
0.000000 0.980282 0.197605
0.945701 -0.247021 0.211260
0.843382 -0.494041 0.211260
0.000000 0.980282 0.197605
0.660577 -0.660577 0.356756
0.660578 -0.660577 0.356756
0.000000 0.934198 0.356756
-0.660577 -0.660577 0.356756
0.660577 -0.660577 0.356756
0.934198 0.000000 0.356756
0.934198 0.000000 0.356756
0.934198 0.000000 0.356756
0.660577 0.660577 0.356756
0.660577 0.660578 0.356756
-0.660577 0.660577 0.356756
-0.660577 0.660578 0.356756
-0.660577 0.660577 0.356756
0.660577 -0.660577 0.356756
-0.660577 -0.660577 0.356756
0.660577 0.660577 0.356756
0.660577 0.660578 0.356756
0.660577 0.660577 0.356756
-0.660577 -0.660577 0.356756
-0.660577 0.660578 0.356756
-0.660577 0.660577 0.356756
0.660577 -0.660577 0.356756
-0.934198 0.000000 0.356754
0.000000 0.000000 1.000000
0.000000 0.000000 1.000000
-0.000000 0.000000 1.000000
-0.000000 0.000000 1.000000
-0.000000 0.000000 1.000000
0.000000 0.000000 1.000000
0.000000 0.000000 1.000000
-0.000000 0.000000 1.000000
-0.000000 0.000000 1.000000
0.000000 0.000000 1.000000
0.000000 0.000000 1.000000
0.000000 0.000000 1.000000
56
0 0 1 2 0 1 2 1
0 0 2 3 0 2 3 1
0 4 5 6 4 5 6 1
0 7 6 8 7 6 8 1
0 7 8 9 7 8 9 1
0 3 2 5 3 2 5 1
0 3 5 4 3 5 4 1
0 10 1 0 10 1 0 1
0 9 8 11 9 8 11 1
0 9 11 10 9 11 10 1
0 10 11 1 10 11 1 1
0 4 6 7 4 6 7 1
0 12 13 14 12 12 12 1
0 15 16 17 13 14 13 1
0 18 19 20 15 16 17 1
0 21 22 23 18 19 20 1
0 21 23 18 18 20 15 1
0 24 25 26 21 22 23 1
0 18 23 19 15 20 16 1
0 27 28 25 24 25 22 1
0 27 25 24 24 22 21 1
0 26 29 22 23 26 19 1
0 26 22 21 23 19 18 1
0 20 19 28 17 16 25 1
0 20 28 27 17 25 24 1
0 30 31 32 27 28 27 1
0 33 34 35 29 29 29 1
0 36 37 38 30 30 30 1
0 39 30 32 31 27 27 1
0 40 41 42 32 33 32 1
0 40 42 43 32 32 34 1
0 44 45 46 29 29 29 1
0 47 48 49 35 36 35 1
0 50 51 52 37 38 37 1
0 50 52 53 37 37 39 1
0 54 55 56 40 40 40 1
0 57 58 59 41 41 41 1
0 60 47 49 42 35 35 1
0 61 62 63 43 36 43 1
0 64 61 63 44 43 43 1
0 58 65 59 41 45 41 1
0 66 67 68 46 38 46 1
0 66 68 69 46 46 47 1
0 70 71 72 48 48 48 1
0 25 29 26 22 26 23 1
0 46 73 74 29 29 29 1
0 44 35 34 29 29 29 1
0 75 15 17 49 13 13 1
0 76 77 78 50 51 51 1
0 79 80 81 52 52 53 1
0 79 82 80 52 54 52 1
0 83 84 85 55 56 57 1
0 83 85 86 55 57 58 1
0 87 88 83 59 60 55 1
0 77 89 78 51 61 51 1
0 88 84 83 60 56 55 1
"defaultBack" 0 0
90
0 -0.000000 -30.271166 -2.556633 0.281250 0.500000 -1
0 -0.000000 -31.000000 -0.000002 0.281250 0.500000 -1
0 -30.000000 -1.000000 -0.000000 0.281250 0.500000 -1
0 -29.271166 -1.000000 -2.556629 0.281250 0.500000 -1
0 -18.500000 9.771165 -2.556628 0.281250 0.500000 -1
0 -18.500000 10.500000 0.000001 0.281250 0.500000 -1
0 -0.000000 -8.000000 -0.000001 0.281250 0.500000 -1
0 -0.000000 -8.728835 -2.556631 0.281250 0.500000 -1
0 18.500000 10.500000 0.000001 0.281250 0.500000 -1
0 18.500000 9.771165 -2.556628 0.281250 0.500000 -1
0 29.271166 -1.000000 -2.556629 0.281250 0.500000 -1
0 30.000000 -1.000000 -0.000000 0.281250 0.500000 -1
0 7.692307 4.955877 -7.250000 0.618249 0.423006 -1
0 9.484635 4.213471 -2.556600 0.618249 0.425224 -1
0 -0.000000 -5.271165 -2.556630 0.618249 0.566889 -1
0 7.692307 28.192308 -7.249997 0.499916 0.045651 -1
0 9.484635 29.984636 -2.556625 0.499916 0.040297 -1
0 9.484635 4.213471 -2.556600 0.499916 0.425224 -1
0 9.484635 4.213471 -2.556600 0.281250 0.500000 -1
0 -0.000000 -6.000000 -0.000000 0.281250 0.500000 -1
0 -0.000000 -5.271165 -2.556630 0.281250 0.500000 -1
0 9.484635 29.984636 -2.556625 0.281250 0.500000 -1
0 10.000000 30.500000 0.000002 0.281250 0.500000 -1
0 10.000000 4.000000 0.000000 0.281250 0.500000 -1
0 -9.484635 29.984636 -2.556625 0.281250 0.500000 -1
0 -10.000000 30.500000 0.000002 0.281250 0.500000 -1
0 -0.000000 29.984636 -2.556625 0.281250 0.500000 -1
0 -9.484635 4.213471 -2.556629 0.281250 0.500000 -1
0 -10.000000 4.000000 0.000000 0.281250 0.500000 -1
0 -0.000000 30.500000 0.000002 0.281250 0.500000 -1
0 -0.000000 -5.271165 -2.556630 0.918038 0.572338 -1
0 -9.484635 4.213471 -2.556629 0.918038 0.438245 -1
0 -7.692307 4.955877 -7.250000 0.918038 0.436027 -1
0 7.692307 28.192308 -7.249997 0.321729 0.046089 -1
0 -0.000000 28.192308 -7.249997 0.321729 0.046089 -1
0 -0.000000 29.984636 -2.556625 0.321729 0.030026 -1
0 7.692307 4.955877 -7.250000 0.618249 0.416353 -1
0 -0.000000 -5.271165 -2.556630 0.618249 0.559317 -1
0 -0.000000 -2.736429 -7.250001 0.618249 0.536601 -1
0 -0.000000 -2.736429 -7.250001 0.918038 0.549622 -1
0 -7.692307 4.955877 -7.250000 0.866435 0.423006 -1
0 -9.484635 4.213471 -2.556629 0.866435 0.425224 -1
0 -9.484635 29.984636 -2.556625 0.866435 0.040297 -1
0 -7.692307 28.192308 -7.249997 0.866435 0.045651 -1
0 -7.692307 28.192308 -7.249997 0.321729 0.030026 -1
0 -9.484635 29.984636 -2.556625 0.321729 0.024672 -1
0 -0.000000 29.984636 -2.556625 0.321729 0.024672 -1
0 -29.271166 -1.000000 -2.556629 0.615625 0.503094 -1
0 -18.500000 9.771165 -2.556628 0.615625 0.342212 -1
0 -18.500000 7.236432 -7.250000 0.615625 0.349784 -1
0 18.500000 7.236432 -7.250000 0.393949 0.166190 -1
0 18.500000 9.771165 -2.556628 0.393949 0.158618 -1
0 29.271166 -1.000000 -2.556629 0.393949 0.319500 -1
0 26.736431 -1.000000 -7.250001 0.393949 0.319500 -1
0 -0.000000 -27.736431 -7.250005 0.925457 0.901475 -1
0 -0.000000 -30.271166 -2.556633 0.925457 0.909047 -1
0 -29.271166 -1.000000 -2.556629 0.925457 0.636716 -1
0 26.736431 -1.000000 -7.250001 0.703464 0.645819 -1
0 29.271166 -1.000000 -2.556629 0.703464 0.645819 -1
0 -0.000000 -27.736431 -7.250005 0.702233 0.932725 -1
0 -26.736431 -1.000000 -7.250001 0.615625 0.503094 -1
0 -0.000000 -8.728835 -2.556631 0.858125 0.640670 -1
0 18.500000 9.771165 -2.556628 0.661882 0.364348 -1
0 18.500000 7.236432 -7.250000 0.661882 0.371920 -1
0 -0.000000 -11.263569 -7.250003 0.858125 0.648242 -1
0 -0.000000 -30.271166 -2.556633 0.702233 0.940297 -1
0 -18.500000 7.236432 -7.250000 0.451328 0.398298 -1
0 -18.500000 9.771165 -2.556628 0.453424 0.391992 -1
0 -0.000000 -8.728835 -2.556631 0.376934 0.622103 -1
0 -0.000000 -11.263569 -7.250003 0.374838 0.628409 -1
0 -0.000000 -27.736431 -7.250005 0.927152 0.919704 -1
0 -29.271166 -1.000000 -2.556629 0.927152 0.654945 -1
0 -26.736431 -1.000000 -7.250001 0.927152 0.654945 -1
0 9.484635 29.984636 -2.556625 0.321729 0.024672 -1
0 7.692307 28.192308 -7.249997 0.321729 0.030026 -1
0 7.692307 4.955877 -7.250000 0.546791 0.411531 -1
0 -0.000000 -11.263569 -7.250003 0.148999 0.473090 -1
0 -0.000000 -27.736431 -7.250005 0.231552 0.473712 -1
0 -18.500000 7.236432 -7.250000 0.099703 0.294042 -1
0 18.500000 7.236432 -7.250000 0.101398 0.655140 -1
0 -0.000000 -27.736431 -7.250005 0.232057 0.472028 -1
0 -0.000000 -11.263569 -7.250003 0.149515 0.474814 -1
0 26.736431 -1.000000 -7.250001 0.165064 0.723093 -1
0 -0.000000 -2.736429 -7.250001 0.130164 0.481917 -1
0 -0.000000 28.192308 -7.249997 0.015877 0.481326 -1
0 7.692307 28.192308 -7.249997 0.015750 0.579762 -1
0 7.692307 4.955877 -7.250000 0.102693 0.580211 -1
0 -7.692307 4.955877 -7.250000 0.102947 0.383338 -1
0 -7.692307 28.192308 -7.249997 0.016004 0.382888 -1
0 -26.736431 -1.000000 -7.250001 0.162918 0.224425 -1
62
-0.305261 -0.915783 -0.261068
0.305261 -0.915783 -0.261068
-0.915783 -0.305261 -0.261068
-0.915783 0.305261 -0.261068
0.305261 0.915783 -0.261068
-0.305261 0.915783 -0.261068
0.305261 0.915783 -0.261068
-0.305261 0.915783 -0.261068
-0.305261 0.915783 -0.261068
0.305261 0.915783 -0.261068
0.915783 -0.305261 -0.261068
0.915783 0.305261 -0.261068
0.660579 -0.660577 -0.356754
0.934198 -0.000000 -0.356755
0.934198 -0.000000 -0.356756
0.843381 -0.494041 -0.211261
0.305261 -0.915783 -0.261069
-0.305261 -0.915783 -0.261068
0.863408 0.431704 -0.261070
0.431704 0.863409 -0.261068
0.945701 -0.247021 -0.211261
-0.680014 0.680015 -0.274154
-0.680014 0.680015 -0.274154
-0.000000 0.980282 -0.197605
-0.945701 -0.247021 -0.211260
-0.843382 -0.494041 -0.211260
-0.000000 0.980282 -0.197605
-0.660577 -0.660577 -0.356756
-0.660578 -0.660577 -0.356756
-0.000000 0.934198 -0.356756
0.660577 -0.660577 -0.356756
-0.660577 -0.660577 -0.356756
-0.934198 0.000000 -0.356756
-0.934198 0.000000 -0.356756
-0.934198 0.000000 -0.356756
-0.660577 0.660577 -0.356756
-0.660577 0.660578 -0.356756
0.660577 0.660577 -0.356756
0.660577 0.660578 -0.356756
0.660577 0.660577 -0.356756
-0.660577 -0.660577 -0.356756
0.660577 -0.660577 -0.356756
-0.660577 0.660577 -0.356756
-0.660577 0.660578 -0.356756
-0.660577 0.660577 -0.356756
0.660577 -0.660577 -0.356756
0.660577 0.660578 -0.356756
0.660577 0.660577 -0.356756
-0.660577 -0.660577 -0.356756
0.934198 0.000000 -0.356754
-0.000000 0.000000 -1.000000
-0.000000 0.000000 -1.000000
0.000000 0.000000 -1.000000
0.000000 0.000000 -1.000000
0.000000 0.000000 -1.000000
-0.000000 0.000000 -1.000000
-0.000000 0.000000 -1.000000
0.000000 0.000000 -1.000000
0.000000 0.000000 -1.000000
-0.000000 0.000000 -1.000000
-0.000000 0.000000 -1.000000
-0.000000 0.000000 -1.000000
56
0 0 1 2 0 1 2 1
0 0 2 3 0 2 3 1
0 4 5 6 4 5 6 1
0 7 6 8 7 6 8 1
0 7 8 9 7 8 9 1
0 3 2 5 3 2 5 1
0 3 5 4 3 5 4 1
0 10 1 0 10 1 0 1
0 9 8 11 9 8 11 1
0 9 11 10 9 11 10 1
0 10 11 1 10 11 1 1
0 4 6 7 4 6 7 1
0 12 13 14 12 12 12 1
0 15 16 17 13 14 13 1
0 18 19 20 15 16 17 1
0 21 22 23 18 19 20 1
0 21 23 18 18 20 15 1
0 24 25 26 21 22 23 1
0 18 23 19 15 20 16 1
0 27 28 25 24 25 22 1
0 27 25 24 24 22 21 1
0 26 29 22 23 26 19 1
0 26 22 21 23 19 18 1
0 20 19 28 17 16 25 1
0 20 28 27 17 25 24 1
0 30 31 32 27 28 27 1
0 33 34 35 29 29 29 1
0 36 37 38 30 30 30 1
0 39 30 32 31 27 27 1
0 40 41 42 32 33 32 1
0 40 42 43 32 32 34 1
0 44 45 46 29 29 29 1
0 47 48 49 35 36 35 1
0 50 51 52 37 38 37 1
0 50 52 53 37 37 39 1
0 54 55 56 40 40 40 1
0 57 58 59 41 41 41 1
0 60 47 49 42 35 35 1
0 61 62 63 43 36 43 1
0 64 61 63 44 43 43 1
0 58 65 59 41 45 41 1
0 66 67 68 46 38 46 1
0 66 68 69 46 46 47 1
0 70 71 72 48 48 48 1
0 25 29 26 22 26 23 1
0 46 73 74 29 29 29 1
0 44 35 34 29 29 29 1
0 75 15 17 49 13 13 1
0 76 77 78 50 51 51 1
0 79 80 81 52 52 53 1
0 79 82 80 52 54 52 1
0 83 84 85 55 56 57 1
0 83 85 86 55 57 58 1
0 87 88 83 59 60 55 1
0 77 89 78 51 61 51 1
0 88 84 83 60 56 55 1
"ornate" 0 1
12
0 0.000000 -11.263569 7.250002 0.499794 0.669628 -1
0 0.000000 -27.736431 7.250004 0.499794 0.944253 -1
0 18.500000 7.236432 7.250000 0.788094 0.379165 -1
0 -18.500000 7.236432 7.250000 0.211444 0.379146 -1
0 -26.736431 -1.000000 7.250000 0.073593 0.517405 -1
0 0.000000 -2.736429 7.250000 0.500640 0.550840 -1
0 0.000000 28.192308 7.249996 0.500640 0.053494 -1
0 -7.692307 28.192308 7.249996 0.371599 0.053494 -1
0 -7.692307 4.955877 7.250000 0.371599 0.425257 -1
0 7.692307 4.955877 7.250000 0.629682 0.425257 -1
0 7.692307 28.192308 7.249996 0.629682 0.053494 -1
0 26.736431 -1.000000 7.250000 0.926349 0.518751 -1
1
-0.000000 -0.000000 1.000000
8
0 0 1 2 0 0 0 1
0 3 1 0 0 0 0 1
0 3 4 1 0 0 0 1
0 5 6 7 0 0 0 1
0 5 7 8 0 0 0 1
0 9 10 5 0 0 0 1
0 1 11 2 0 0 0 1
0 10 6 5 0 0 0 1
"ornateBack" 0 1
12
0 -0.000000 -11.263569 -7.250002 0.499794 0.669628 -1
0 -0.000000 -27.736431 -7.250004 0.499794 0.944253 -1
0 -18.500000 7.236432 -7.250000 0.788094 0.379165 -1
0 18.500000 7.236432 -7.250000 0.211444 0.379146 -1
0 26.736431 -1.000000 -7.250000 0.073593 0.517405 -1
0 -0.000000 -2.736429 -7.250000 0.500640 0.550840 -1
0 -0.000000 28.192308 -7.249996 0.500640 0.053494 -1
0 7.692307 28.192308 -7.249996 0.371599 0.053494 -1
0 7.692307 4.955877 -7.250000 0.371599 0.425257 -1
0 -7.692307 4.955877 -7.250000 0.629682 0.425257 -1
0 -7.692307 28.192308 -7.249996 0.629682 0.053494 -1
0 -26.736431 -1.000000 -7.250000 0.926349 0.518751 -1
1
0.000000 -0.000000 -1.000000
8
0 0 1 2 0 0 0 1
0 3 1 0 0 0 0 1
0 3 4 1 0 0 0 1
0 5 6 7 0 0 0 1
0 5 7 8 0 0 0 1
0 9 10 5 0 0 0 1
0 1 11 2 0 0 0 1
0 10 6 5 0 0 0 1
"shine" 0 2
12
0 0.000000 -11.263569 7.500003 0.500359 0.413645 -1
0 0.000000 -27.736431 7.500005 0.500359 0.279834 -1
0 18.500000 7.236432 7.500000 0.214402 0.563923 -1
0 -18.500000 7.236432 7.500000 0.786315 0.563923 -1
0 -26.736431 -1.000000 7.500001 0.926349 0.489602 -1
0 0.000000 -2.736429 7.500001 0.499512 0.473769 -1
0 0.000000 28.192308 7.499997 0.499512 0.718545 -1
0 -7.692307 28.192308 7.499997 0.628554 0.718545 -1
0 -7.692307 4.955877 7.500000 0.628554 0.535577 -1
0 7.692307 4.955877 7.500000 0.370471 0.535577 -1
0 7.692307 28.192308 7.499997 0.370471 0.718545 -1
0 26.736431 -1.000000 7.500001 0.073804 0.489562 -1
1
-0.000000 -0.000000 1.000000
8
0 0 1 2 0 0 0 1
0 3 1 0 0 0 0 1
0 3 4 1 0 0 0 1
0 5 6 7 0 0 0 1
0 5 7 8 0 0 0 1
0 9 10 5 0 0 0 1
0 1 11 2 0 0 0 1
0 10 6 5 0 0 0 1
"shineBack" 0 2
12
0 -0.000000 -11.263569 -7.500003 0.500359 0.413645 -1
0 -0.000000 -27.736431 -7.500005 0.500359 0.279834 -1
0 -18.500000 7.236432 -7.500000 0.214402 0.563923 -1
0 18.500000 7.236432 -7.500000 0.786315 0.563923 -1
0 26.736431 -1.000000 -7.500001 0.926349 0.489602 -1
0 -0.000000 -2.736429 -7.500001 0.499512 0.473769 -1
0 -0.000000 28.192308 -7.499997 0.499512 0.718545 -1
0 7.692307 28.192308 -7.499997 0.628554 0.718545 -1
0 7.692307 4.955877 -7.500000 0.628554 0.535577 -1
0 -7.692307 4.955877 -7.500000 0.370471 0.535577 -1
0 -7.692307 28.192308 -7.499997 0.370471 0.718545 -1
0 -26.736431 -1.000000 -7.500001 0.073804 0.489562 -1
1
0.000000 -0.000000 -1.000000
8
0 0 1 2 0 0 0 1
0 3 1 0 0 0 0 1
0 3 4 1 0 0 0 1
0 5 6 7 0 0 0 1
0 5 7 8 0 0 0 1
0 9 10 5 0 0 0 1
0 1 11 2 0 0 0 1
0 10 6 5 0 0 0 1

Materials: 3
"01 - Default"
0.588235 0.588235 0.588235 1.000000
0.588235 0.588235 0.588235 1.000000
0.898039 0.898039 0.898039 1.000000
0.000000 0.000000 0.000000 1.000000
12.799999
1.000000
"textures/Lift Note ani texture.ini"
""
"ornate"
0.200000 0.200000 0.200000 1.000000
0.800000 0.800000 0.800000 1.000000
0.000000 0.000000 0.000000 1.000000
0.000000 0.000000 0.000000 1.000000
0.000000
1.000000
"textures/lift_ornate.png"
""
"shine"
1.000000 1.000000 1.000000 1.000000
0.800000 0.800000 0.800000 1.000000
0.500000 0.500000 0.500000 1.000000
0.000000 0.000000 0.000000 1.000000
0.192000
1.000000
"textures/Lift Shine ani texture.ini"
""

Bones: 0