// MilkShape 3D ASCII

Frames: 30
Frame: 1

Meshes: 5
"mine" 0 0
108
0 0.000000 -0.000000 -5.000000 0.501605 0.082644 -1
0 -16.000000 -0.000000 -5.000000 0.502671 0.044461 -1
0 -11.310000 -11.310000 -4.999999 0.610322 0.055842 -1
0 0.000000 -16.000000 -4.999999 0.654337 0.082911 -1
0 11.310000 -11.310000 -4.999999 0.608814 0.109823 -1
0 16.000000 -0.000000 -5.000000 0.500538 0.120827 -1
0 11.310000 11.310000 -5.000001 0.392888 0.109446 -1
0 0.000000 16.000000 -5.000001 0.348872 0.082377 -1
0 -11.310000 11.310000 -5.000001 0.394396 0.055465 -1
0 -5.137784 18.911581 3.021668 0.328860 0.402000 -1
0 0.000000 19.597393 3.021668 0.322703 0.413533 -1
0 -0.000000 24.263361 -0.961167 0.280806 0.413533 -1
0 16.893883 -9.904185 3.021671 0.587604 0.451456 -1
0 17.150059 -17.140535 -0.961164 0.652580 0.452031 -1
0 20.931627 -12.242663 -0.961164 0.608601 0.460520 -1
0 19.587875 0.009519 3.021670 0.498586 0.457504 -1
0 23.408424 -6.338281 -0.961165 0.555585 0.466080 -1
0 24.253843 0.009519 -0.961165 0.498586 0.467978 -1
0 -20.931627 12.261700 -0.961166 0.388571 0.366546 -1
0 -18.902065 5.147302 3.021669 0.452453 0.371101 -1
0 -16.893883 9.923224 3.021669 0.409569 0.375610 -1
0 -17.150059 17.159576 -0.961166 0.344592 0.375034 -1
0 13.850719 13.860240 3.021669 0.374218 0.444625 -1
0 16.893883 9.923227 3.021669 0.409569 0.451456 -1
0 20.931623 12.261700 -0.961166 0.388571 0.460520 -1
0 23.408424 6.357318 -0.961166 0.441588 0.466080 -1
0 -16.893881 -9.904190 3.021671 0.587604 0.375610 -1
0 -18.902063 -5.128266 3.021670 0.544720 0.371101 -1
0 -23.408424 -6.338284 -0.961165 0.555585 0.360986 -1
0 -20.931623 -12.242667 -0.961164 0.608601 0.366546 -1
0 -17.150053 -17.140545 -0.961164 0.652580 0.375034 -1
0 -13.850715 -13.841202 3.021671 0.622955 0.382441 -1
0 -12.252182 20.941143 -0.961167 0.310637 0.386029 -1
0 -13.850720 13.860238 3.021669 0.374218 0.382441 -1
0 0.000001 -19.578356 3.021671 0.674470 0.413533 -1
0 -6.347798 -23.398909 -0.961164 0.708776 0.399283 -1
0 0.000002 -24.244326 -0.961163 0.716367 0.413533 -1
0 12.252181 20.941145 -0.961167 0.310637 0.441037 -1
0 5.137783 18.911583 3.021668 0.328860 0.425066 -1
0 9.913705 16.903402 3.021668 0.346892 0.435787 -1
0 -25.411970 -6.870678 -4.943999 0.562462 0.529696 -1
0 -24.253843 0.009517 -0.961165 0.499900 0.532329 -1
0 -26.326895 0.009516 -4.944000 0.499900 0.527616 -1
0 26.326895 0.009519 -4.944000 0.499900 0.647312 -1
0 24.253843 0.009519 -0.961165 0.499900 0.642599 -1
0 23.408424 -6.338281 -0.961165 0.557621 0.640678 -1
0 6.880198 -25.402452 -4.943998 0.730972 0.603105 -1
0 0.000002 -24.244326 -0.961163 0.720441 0.587464 -1
0 0.000004 -26.317377 -4.943998 0.739292 0.587464 -1
0 18.615929 -18.606407 -4.943998 0.669176 0.629783 -1
0 12.252187 -20.922106 -0.961164 0.690232 0.615317 -1
0 13.282471 -22.721109 -4.943998 0.706591 0.617659 -1
0 13.282465 22.740149 -4.944002 0.293210 0.617659 -1
0 12.252181 20.941145 -0.961167 0.309568 0.615316 -1
0 17.150057 17.159576 -0.961166 0.343954 0.626451 -1
0 25.411970 6.889712 -4.944001 0.437339 0.645232 -1
0 6.880193 25.421490 -4.944002 0.268828 0.603105 -1
0 -23.408424 6.357317 -0.961166 0.442180 0.534251 -1
0 -25.414442 6.871132 -4.944001 0.437507 0.529691 -1
0 -6.880195 25.421490 -4.944002 0.268828 0.571824 -1
0 -0.000000 24.263361 -0.961167 0.279359 0.587464 -1
0 -0.000001 26.336412 -4.944002 0.260509 0.587464 -1
0 -18.615925 18.625443 -4.944002 0.330625 0.545145 -1
0 -17.150059 17.159576 -0.961166 0.343954 0.548478 -1
0 -12.252182 20.941143 -0.961167 0.309568 0.559612 -1
0 -18.615925 18.625443 -4.944002 0.332090 0.544863 -1
0 -22.730631 13.291983 -4.944001 0.379122 0.535792 -1
0 -23.408424 6.357317 -0.961166 0.441588 0.360986 -1
0 -19.587875 0.009519 3.021670 0.498586 0.369562 -1
0 6.347799 23.417942 -0.961167 0.287047 0.601894 -1
0 -9.913708 16.903400 3.021668 0.346892 0.391279 -1
0 -6.347800 23.417942 -0.961167 0.288397 0.399283 -1
0 -6.347800 23.417942 -0.961167 0.287047 0.573034 -1
0 -13.282466 22.740147 -4.944002 0.293210 0.557270 -1
0 18.902063 5.147303 3.021669 0.452453 0.455964 -1
0 25.411972 -6.870676 -4.943999 0.562462 0.645232 -1
0 20.931627 -12.242663 -0.961164 0.611310 0.635047 -1
0 6.347799 23.417942 -0.961167 0.288397 0.427783 -1
0 18.615925 18.625446 -4.944002 0.330625 0.629783 -1
0 20.931623 12.261700 -0.961166 0.388491 0.635047 -1
0 22.730627 13.291983 -4.944001 0.379122 0.639137 -1
0 17.150057 17.159576 -0.961166 0.344592 0.452031 -1
0 23.408424 6.357318 -0.961166 0.442180 0.640678 -1
0 12.252187 -20.922106 -0.961164 0.686536 0.441037 -1
0 13.850721 -13.841199 3.021671 0.622955 0.444625 -1
0 18.902065 -5.128264 3.021670 0.544720 0.455964 -1
0 17.150059 -17.140535 -0.961164 0.655846 0.626451 -1
0 22.730631 -13.272946 -4.943999 0.620678 0.639137 -1
0 6.347804 -23.398907 -0.961164 0.708776 0.427783 -1
0 5.137786 -18.892548 3.021671 0.668312 0.425066 -1
0 -6.347798 -23.398909 -0.961164 0.712754 0.573034 -1
0 -6.880191 -25.402454 -4.943998 0.730972 0.571824 -1
0 -24.253843 0.009517 -0.961165 0.498586 0.359088 -1
0 6.347804 -23.398907 -0.961164 0.712754 0.601894 -1
0 -5.137782 -18.892548 3.021671 0.668312 0.402000 -1
0 -12.252179 -20.922110 -0.961164 0.686536 0.386029 -1
0 -9.913704 -16.884367 3.021671 0.650280 0.391279 -1
0 -18.650925 -18.561045 -4.943998 0.668763 0.545066 -1
0 -20.931623 -12.242667 -0.961164 0.611310 0.539881 -1
0 -22.730627 -13.272951 -4.943999 0.620678 0.535792 -1
0 -23.408424 -6.338284 -0.961165 0.557621 0.534251 -1
0 -17.150053 -17.140545 -0.961164 0.655846 0.548478 -1
0 -18.650925 -18.561045 -4.943998 0.669176 0.545145 -1
0 -13.282461 -22.721113 -4.943998 0.706591 0.557270 -1
0 9.913711 -16.884365 3.021671 0.650280 0.435787 -1
0 -12.252179 -20.922110 -0.961164 0.690232 0.559612 -1
0 -25.411972 6.889711 -4.944001 0.437339 0.529696 -1
0 -20.931627 12.261700 -0.961166 0.388491 0.539881 -1
101
-0.000000 -0.000000 1.000000
-0.170400 0.626500 0.760600
-0.000100 0.649200 0.760600
-0.000000 0.649200 0.760600
0.516300 -0.398800 0.757900
0.459100 -0.459200 0.760500
0.516500 -0.398800 0.757800
0.646800 -0.086100 0.757800
-0.601300 0.252800 0.758000
-0.516300 0.398800 0.757900
-0.459100 0.459200 0.760500
-0.516500 0.398800 0.757800
0.516300 0.399100 0.757700
0.601500 0.252300 0.758000
-0.601700 -0.253000 0.757600
-0.516300 -0.398600 0.758000
-0.326700 0.561000 0.760600
0.000100 -0.649200 0.760600
-0.169900 -0.626700 0.760600
-0.000000 -0.649200 0.760600
0.252600 0.601600 0.757800
0.170200 0.626400 0.760700
0.252800 0.601300 0.758000
-0.880900 -0.117100 0.458500
0.880900 -0.117200 0.458600
0.880900 -0.117300 0.458500
0.856100 -0.232300 0.461700
0.117100 -0.880900 0.458500
0.542900 -0.703700 0.458300
0.543200 0.703500 0.458300
0.880900 0.117100 0.458500
0.343200 0.819500 0.458900
-0.880800 0.117100 0.458700
-0.117100 0.880900 0.458500
-0.543000 0.703300 0.458700
-0.703500 0.542800 0.458700
-0.646700 0.086300 0.757900
0.117100 0.880800 0.458700
-0.327100 0.560900 0.760500
-0.169900 0.626500 0.760700
-0.343700 0.819300 0.459000
0.646700 0.086100 0.757900
0.856100 -0.231800 0.461800
0.819500 -0.343400 0.458700
0.169900 0.626700 0.760600
0.703700 0.542900 0.458300
0.398900 0.516100 0.758000
0.819300 0.343700 0.459000
0.326700 -0.561000 0.760600
0.601800 -0.252500 0.757700
0.703500 -0.542800 0.458700
0.169900 -0.626500 0.760700
0.170400 -0.626500 0.760600
-0.117100 -0.880800 0.458700
-0.646700 -0.086100 0.757900
0.343700 -0.819300 0.459000
-0.170200 -0.626400 0.760700
-0.252600 -0.601600 0.757800
-0.398900 -0.516100 0.758000
-0.703700 -0.542900 0.458300
-0.819300 -0.343700 0.459000
-0.545100 -0.703400 0.456300
0.327100 -0.560900 0.760500
0.646700 -0.086300 0.757900
-0.601800 0.252500 0.757700
0.516300 0.398600 0.758000
0.601700 0.253000 0.757600
-0.601500 -0.252300 0.758000
-0.516300 -0.399100 0.757700
-0.880800 -0.117300 0.458800
-0.543200 -0.703500 0.458300
-0.819600 0.343800 0.458300
-0.819500 0.343200 0.458900
-0.343200 -0.819500 0.458900
-0.343800 -0.819600 0.458300
0.117300 -0.880800 0.458800
0.543000 -0.703300 0.458700
0.880800 0.117300 0.458800
0.542800 0.703500 0.458700
0.343800 0.819600 0.458300
-0.117300 0.880800 0.458800
-0.542900 0.703700 0.458300
-0.880900 0.117300 0.458500
-0.646800 0.086100 0.757800
-0.703500 0.543200 0.458300
-0.343300 0.819800 0.458300
0.117300 0.880900 0.458500
0.703300 0.543000 0.458700
0.398800 0.516500 0.757800
0.819800 0.343300 0.458300
0.646800 0.086300 0.757700
0.601300 -0.252800 0.758000
0.819500 -0.343200 0.458900
0.703500 -0.543200 0.458300
0.343300 -0.819800 0.458300
-0.252800 -0.601300 0.758000
-0.117300 -0.880900 0.458500
-0.398800 -0.516500 0.757800
-0.703300 -0.543000 0.458700
-0.819800 -0.343300 0.458300
-0.646800 -0.086300 0.757700
104
0 0 1 2 0 0 0 1
0 0 2 3 0 0 0 1
0 0 3 4 0 0 0 1
0 0 4 5 0 0 0 1
0 0 5 6 0 0 0 1
0 0 6 7 0 0 0 1
0 0 7 8 0 0 0 1
0 0 8 1 0 0 0 1
0 9 10 11 1 2 3 1
0 12 13 14 4 5 6 1
0 15 16 17 7 7 7 1
0 18 19 20 8 8 8 1
0 20 21 18 9 10 11 1
0 22 23 24 12 12 12 1
0 25 24 23 13 13 13 1
0 26 27 28 14 14 14 1
0 29 30 31 15 15 15 1
0 32 21 33 16 10 10 1
0 34 35 36 17 18 19 1
0 37 38 39 20 21 22 1
0 40 41 42 23 23 23 1
0 43 44 45 24 25 26 1
0 46 47 48 27 27 27 1
0 49 50 51 28 28 28 1
0 52 53 54 29 29 29 1
0 55 44 43 30 30 30 1
0 53 52 56 31 31 31 1
0 57 58 42 32 32 32 1
0 59 60 61 33 33 33 1
0 62 63 64 34 34 34 1
0 63 65 66 35 35 35 1
0 67 68 19 36 36 36 1
0 69 56 61 37 37 37 1
0 70 9 71 38 1 39 1
0 72 73 64 40 40 40 1
0 17 25 74 41 41 41 1
0 75 45 76 42 26 43 1
0 77 10 38 44 2 21 1
0 78 79 80 45 45 45 1
0 81 39 22 46 46 46 1
0 82 80 79 47 47 47 1
0 83 13 84 48 5 5 1
0 85 14 16 49 49 49 1
0 86 49 87 50 50 50 1
0 36 88 89 19 51 52 1
0 90 91 48 53 53 53 1
0 92 28 27 54 54 54 1
0 93 51 50 55 55 55 1
0 94 95 35 56 57 18 1
0 30 96 31 58 58 58 1
0 97 98 99 59 59 59 1
0 100 99 98 60 60 60 1
0 101 102 103 61 61 61 1
0 89 88 104 52 51 62 1
0 12 84 13 4 5 5 1
0 15 85 16 63 63 63 1
0 18 67 19 64 64 64 1
0 20 33 21 9 10 10 1
0 71 9 11 39 1 3 1
0 81 22 24 65 65 65 1
0 74 25 23 66 66 66 1
0 29 26 28 67 67 67 1
0 26 29 31 68 68 68 1
0 34 94 35 17 56 18 1
0 37 77 38 20 44 21 1
0 40 100 41 69 69 69 1
0 105 101 103 70 70 70 1
0 106 57 107 71 71 71 1
0 66 106 107 72 72 72 1
0 105 103 91 73 73 73 1
0 90 105 91 74 74 74 1
0 46 93 47 75 75 75 1
0 49 86 50 76 76 76 1
0 75 43 45 42 24 26 1
0 55 82 44 77 77 77 1
0 78 52 54 78 78 78 1
0 69 53 56 79 79 79 1
0 59 72 60 80 80 80 1
0 64 73 62 81 81 81 1
0 41 57 42 82 82 82 1
0 67 92 68 83 83 83 1
0 107 63 66 84 84 84 1
0 70 32 33 38 16 10 1
0 72 59 73 85 85 85 1
0 32 70 71 16 38 39 1
0 60 69 61 86 86 86 1
0 77 11 10 44 3 2 1
0 78 54 79 87 87 87 1
0 81 37 39 88 88 88 1
0 82 55 80 89 89 89 1
0 15 17 74 90 90 90 1
0 85 12 14 91 91 91 1
0 87 75 76 92 42 43 1
0 104 83 84 62 48 5 1
0 76 86 87 93 93 93 1
0 34 36 89 17 19 52 1
0 93 46 51 94 94 94 1
0 94 96 95 56 95 57 1
0 47 90 48 96 96 96 1
0 30 95 96 97 97 97 1
0 97 101 98 98 98 98 1
0 100 40 99 99 99 99 1
0 68 92 27 100 100 100 1
0 88 83 104 51 48 62 1
"inner white" 0 0
52
3 18.925192 5.077958 3.021669 0.631780 0.233940 -1
3 10.811356 6.071745 -4.944001 0.744729 0.323977 -1
3 11.974001 3.215394 -4.944001 0.637348 0.323977 -1
3 8.822742 8.714090 -4.944001 0.858962 0.323977 -1
3 17.037218 9.681923 3.021668 0.739235 0.233940 -1
3 13.905241 13.809017 3.021668 0.851725 0.233940 -1
3 -0.133821 19.595625 3.021668 0.922011 0.171114 -1
3 -5.064956 18.928679 3.021669 0.846236 0.171114 -1
3 -3.202392 11.977486 -4.944001 0.835800 0.171114 -1
3 -6.058742 10.814839 -4.944000 0.742099 0.171114 -1
3 -8.701086 8.826223 -4.944000 0.624989 0.171114 -1
3 -9.668919 17.040707 3.021669 0.748205 0.171114 -1
3 -13.796019 13.908726 3.021669 0.629285 0.171114 -1
3 -19.582624 -0.130340 3.021671 0.254504 0.171114 -1
3 -18.915672 -5.061475 3.021671 0.156473 0.171114 -1
3 -11.964481 -3.198911 -4.943999 0.161465 0.171114 -1
3 -10.801836 -6.055259 -4.943999 0.088647 0.171114 -1
3 -8.813223 -8.697603 -4.943999 0.038853 0.171114 -1
3 -17.027702 -9.665438 3.021671 0.080698 0.171114 -1
3 -13.895723 -13.792532 3.021671 0.030695 0.171114 -1
3 0.143343 -19.579144 3.021671 0.239485 0.233940 -1
3 5.074476 -18.912189 3.021671 0.360011 0.233940 -1
3 3.211910 -11.960999 -4.943999 0.351068 0.323977 -1
3 6.068261 -10.798353 -4.944000 0.446115 0.323977 -1
3 8.710606 -8.809738 -4.944000 0.476001 0.323977 -1
3 9.678438 -17.024220 3.021671 0.456048 0.233940 -1
3 13.805537 -13.892239 3.021670 0.480419 0.233940 -1
3 -12.385779 -0.143915 -4.944000 0.255167 0.171114 -1
3 -11.984760 3.138736 -4.944000 0.372276 0.171114 -1
3 -18.933800 5.009824 3.021670 0.373424 0.171114 -1
3 12.395297 0.160398 -4.944000 0.561055 0.323977 -1
3 19.592144 0.146827 3.021669 0.559509 0.233940 -1
3 -0.147395 12.398780 -4.944001 0.908618 0.171114 -1
3 3.135253 11.997763 -4.944001 0.958412 0.171114 -1
3 5.006340 18.946798 3.021668 0.972014 0.171114 -1
3 9.798697 16.971840 3.021668 0.982841 0.233940 -1
3 6.200496 10.739571 -4.944001 0.990716 0.323977 -1
3 9.798697 16.971840 3.021668 0.989091 0.171114 -1
3 6.200496 10.739571 -4.944001 0.975459 0.171114 -1
3 11.994279 -3.122252 -4.944000 0.530912 0.323977 -1
3 18.943319 -4.993337 3.021669 0.530065 0.233940 -1
3 -16.958839 9.802181 3.021670 0.501355 0.171114 -1
3 -10.726568 6.203980 -4.944000 0.498633 0.171114 -1
3 0.156916 -12.382293 -4.943999 0.230664 0.323977 -1
3 -3.125735 -11.981277 -4.943999 0.123829 0.323977 -1
3 -4.996821 -18.930319 3.021671 0.135451 0.233940 -1
3 -9.789177 -16.955351 3.021671 0.013618 0.171114 -1
3 -6.190979 -10.723083 -4.943999 0.021806 0.171114 -1
3 -9.789177 -16.955351 3.021671 0.016746 0.233940 -1
3 -6.190979 -10.723083 -4.943999 0.008871 0.323977 -1
3 16.968357 -9.785693 3.021670 0.499793 0.233940 -1
3 10.736087 -6.187495 -4.944000 0.499793 0.323977 -1
48
-0.716900 -0.191900 0.670200
-0.645300 -0.365800 0.670600
-0.717000 -0.191800 0.670100
-0.527600 -0.521200 0.670800
-0.644500 -0.368300 0.670100
-0.526600 -0.522900 0.670300
0.003200 -0.741900 0.670600
0.191900 -0.716900 0.670200
0.191800 -0.717000 0.670100
0.365800 -0.645300 0.670600
0.521200 -0.527600 0.670800
0.368300 -0.644500 0.670100
0.522900 -0.526600 0.670300
0.741900 0.003200 0.670600
0.716900 0.191900 0.670200
0.717000 0.191800 0.670100
0.645300 0.365800 0.670600
0.527600 0.521200 0.670800
0.644500 0.368300 0.670100
0.526600 0.522900 0.670300
-0.003200 0.741900 0.670600
-0.191900 0.716900 0.670200
-0.191800 0.717000 0.670100
-0.365800 0.645300 0.670600
-0.521200 0.527600 0.670800
-0.368300 0.644500 0.670100
-0.522900 0.526600 0.670300
0.742300 0.005700 0.670000
0.718100 -0.187400 0.670200
0.717200 -0.189400 0.670600
-0.742300 -0.005700 0.670000
-0.741900 -0.003200 0.670600
0.005700 -0.742300 0.670000
-0.187400 -0.718100 0.670200
-0.189400 -0.717200 0.670600
-0.370900 -0.642600 0.670500
-0.370800 -0.642600 0.670500
-0.718100 0.187400 0.670200
-0.717200 0.189400 0.670600
0.642600 -0.370900 0.670500
0.642600 -0.370800 0.670500
-0.005700 0.742300 0.670000
0.187400 0.718100 0.670200
0.189400 0.717200 0.670600
0.370900 0.642600 0.670500
0.370800 0.642600 0.670500
-0.642600 0.370900 0.670500
-0.642600 0.370800 0.670500
48
3 0 1 2 0 1 2 1
3 3 4 5 3 4 5 1
3 6 7 8 6 7 8 1
3 7 9 8 7 9 8 1
3 10 11 12 10 11 12 1
3 13 14 15 13 14 15 1
3 14 16 15 14 16 15 1
3 17 18 19 17 18 19 1
3 20 21 22 20 21 22 1
3 21 23 22 21 23 22 1
3 24 25 26 24 25 26 1
3 27 28 29 27 28 29 1
3 0 4 1 0 4 1 1
3 30 31 2 30 31 2 1
3 32 33 34 32 33 34 1
3 5 35 36 5 35 36 1
3 3 1 4 3 1 4 1
3 5 36 3 5 36 3 1
3 6 32 34 6 32 34 1
3 37 34 33 35 34 33 1
3 38 37 33 36 35 33 1
3 7 11 9 7 11 9 1
3 32 6 8 32 6 8 1
3 30 39 40 30 37 38 1
3 12 41 42 12 39 40 1
3 10 9 11 10 9 11 1
3 12 42 10 12 40 10 1
3 13 27 29 13 27 29 1
3 41 29 28 39 29 28 1
3 42 41 28 40 39 28 1
3 14 18 16 14 18 16 1
3 27 13 15 27 13 15 1
3 43 44 45 41 42 43 1
3 19 46 47 19 44 45 1
3 17 16 18 17 16 18 1
3 19 47 17 19 45 17 1
3 20 43 45 20 41 43 1
3 48 45 44 44 43 42 1
3 49 48 44 45 44 42 1
3 21 25 23 21 25 23 1
3 43 20 22 41 20 22 1
3 26 50 51 26 46 47 1
3 24 23 25 24 23 25 1
3 26 51 24 26 47 24 1
3 31 30 40 31 30 38 1
3 50 40 39 46 38 37 1
3 51 50 39 47 46 37 1
3 31 0 2 31 0 2 1
"ornate" 0 1
24
0 0.000000 -0.000000 -4.896461 0.507218 0.505922 -1
0 -16.000000 -0.000000 -4.896461 0.251297 0.503249 -1
0 -11.310000 -11.310000 -4.896461 0.299299 0.685824 -1
0 0.000000 -0.000000 -4.896461 0.506984 0.507946 -1
0 -11.310000 -11.310000 -4.896461 0.301311 0.692764 -1
0 0.000000 -16.000000 -4.896461 0.501281 0.765500 -1
0 0.000000 -0.000000 -4.896461 0.507737 0.507382 -1
0 0.000000 -16.000000 -4.896461 0.501366 0.760918 -1
0 11.310000 -11.310000 -4.896461 0.682002 0.700110 -1
0 0.000000 -0.000000 -4.896461 0.508077 0.506719 -1
0 11.310000 -11.310000 -4.896461 0.686240 0.702535 -1
0 16.000000 -0.000000 -4.896461 0.749544 0.523447 -1
0 0.000000 -0.000000 -4.896461 0.508756 0.505893 -1
0 16.000000 -0.000000 -4.896461 0.749216 0.520262 -1
0 11.310000 11.310000 -4.896462 0.697689 0.317830 -1
0 0.000000 -0.000000 -4.896461 0.508587 0.505861 -1
0 11.310000 11.310000 -4.896462 0.695548 0.317763 -1
0 0.000000 16.000000 -4.896463 0.494263 0.219415 -1
0 0.000000 -0.000000 -4.896461 0.507729 0.506558 -1
0 0.000000 16.000000 -4.896463 0.494311 0.219774 -1
0 -11.310000 11.310000 -4.896462 0.305214 0.317586 -1
0 0.000000 -0.000000 -4.896461 0.507898 0.506590 -1
0 -11.310000 11.310000 -4.896462 0.298792 0.317385 -1
0 -16.000000 -0.000000 -4.896461 0.249968 0.502497 -1
1
-0.000000 -0.000000 1.000000
8
0 0 1 2 0 0 0 1
0 3 4 5 0 0 0 1
0 6 7 8 0 0 0 1
0 9 10 11 0 0 0 1
0 12 13 14 0 0 0 1
0 15 16 17 0 0 0 1
0 18 19 20 0 0 0 1
0 21 22 23 0 0 0 1
"deco" 0 2
152
3 0.145276 -23.512650 -0.399999 0.018455 0.834692 -1
3 6.092525 -22.711597 -0.399999 0.056111 0.834692 -1
3 5.435872 -20.260937 3.221670 0.103642 0.714403 -1
3 10.368028 -18.238380 3.221670 0.162520 0.714403 -1
3 14.789327 -14.883139 3.221669 0.246694 0.714403 -1
3 11.643519 -20.431702 -0.400000 0.122449 0.834692 -1
3 16.586731 -16.673790 -0.400000 0.216693 0.834692 -1
3 -14.779808 14.899625 3.221670 0.246694 0.677225 -1
3 -16.577213 16.690275 -0.400000 0.216693 0.681852 -1
3 -18.168091 10.500343 3.221671 0.348414 0.677225 -1
3 -6.083005 22.728086 -0.400001 0.056111 0.681852 -1
3 -10.358509 18.254866 3.221669 0.162520 0.677225 -1
3 -5.426353 20.277424 3.221669 0.103642 0.677225 -1
3 23.525648 0.148756 -0.400002 0.584062 0.834693 -1
3 22.724602 6.096007 -0.400002 0.702256 0.834693 -1
3 20.273941 5.439355 3.221668 0.680092 0.714403 -1
3 18.251381 10.371513 3.221668 0.773237 0.714403 -1
3 -22.733294 6.027633 -0.399998 0.455853 0.681852 -1
3 -23.516132 -0.132273 -0.399998 0.584062 0.681852 -1
3 -20.978914 -0.140218 3.221672 0.575116 0.677225 -1
3 -20.365294 11.768898 -0.399999 0.330476 0.681852 -1
3 -20.283838 5.366362 3.221671 0.460522 0.677225 -1
3 -22.715082 -6.079527 -0.399998 0.702256 0.681852 -1
3 -18.241863 -10.355028 3.221672 0.773237 0.677225 -1
3 -20.264418 -5.422870 3.221672 0.680092 0.677225 -1
3 -20.435184 -11.630518 -0.399998 0.807076 0.681852 -1
3 -16.677275 -16.573730 -0.399998 0.894217 0.681852 -1
3 -14.886621 -14.776326 3.221672 0.851199 0.677225 -1
3 14.896139 14.792809 3.221668 0.142346 0.714403 -1
3 16.686790 16.590214 -0.400002 0.099328 0.834693 -1
3 10.496859 18.181091 3.221668 0.089161 0.714403 -1
3 0.145276 -23.512650 -0.399999 0.018455 0.681852 -1
3 0.153221 -20.975433 3.221671 0.070135 0.677225 -1
3 -6.014630 -22.729809 -0.399998 0.012281 0.681852 -1
3 -11.755895 -20.361813 -0.399998 0.953666 0.681852 -1
3 -6.014630 -22.729809 -0.399998 0.981264 0.681852 -1
3 -5.353359 -20.280357 3.221671 0.929026 0.677225 -1
3 -10.487339 -18.164606 3.221672 0.904383 0.677225 -1
3 0.153221 -20.975433 3.221671 0.070135 0.714403 -1
3 -0.135754 23.529133 -0.400001 0.018455 0.681852 -1
3 20.374811 -11.752412 -0.400001 0.330476 0.834692 -1
3 18.177608 -10.483856 3.221669 0.348414 0.714403 -1
3 -11.634001 20.448189 -0.400000 0.122449 0.681852 -1
3 -0.143702 20.991917 3.221669 0.070135 0.677225 -1
3 11.765414 20.378294 -0.400002 0.039878 0.834693 -1
3 6.024151 22.746292 -0.400002 0.012281 0.834693 -1
3 5.362878 20.296841 3.221668 0.064519 0.714403 -1
3 -0.143702 20.991917 3.221669 0.070135 0.714403 -1
3 -0.135754 23.529133 -0.400001 0.018455 0.834693 -1
3 20.988434 0.156705 3.221668 0.575116 0.714403 -1
3 20.293356 -5.349875 3.221668 0.460522 0.714403 -1
3 22.742809 -6.011148 -0.400002 0.455853 0.834693 -1
3 20.444704 11.647002 -0.400003 0.807076 0.834693 -1
3 14.896139 14.792809 3.221668 0.851199 0.714403 -1
3 16.686790 16.590214 -0.400002 0.894217 0.834693 -1
3 -5.353359 -20.280357 3.221671 0.064519 0.677225 -1
3 18.902063 5.147302 3.321674 0.501718 0.839939 -1
3 16.893883 9.923226 3.321674 0.501652 0.839939 -1
3 12.970189 7.711741 -1.200896 0.501652 0.985946 -1
3 -5.137782 -18.892548 3.321676 0.501718 0.839939 -1
3 -0.000004 -15.075244 -1.200895 0.501652 0.985946 -1
3 -3.997380 -14.535962 -1.200895 0.501718 0.985907 -1
3 15.084761 0.009515 -1.200896 0.501652 0.985946 -1
3 18.902065 -5.128264 3.321675 0.501718 0.839939 -1
3 19.587875 0.009519 3.321675 0.501652 0.839939 -1
3 -13.850720 13.860238 3.321674 0.501718 0.839939 -1
3 -12.970192 7.711736 -1.200896 0.501652 0.985946 -1
3 -10.666539 10.676053 -1.200896 0.501718 0.985907 -1
3 3.997379 -14.535961 -1.200895 0.501652 0.985943 -1
3 -0.000004 -15.075244 -1.200895 0.501718 0.985905 -1
3 0.000001 -19.578356 3.321676 0.501718 0.839938 -1
3 5.137786 -18.892548 3.321676 0.501718 0.839939 -1
3 9.913711 -16.884365 3.321676 0.501652 0.839939 -1
3 7.702224 -12.960670 -1.200895 0.501652 0.985946 -1
3 14.545478 -3.987862 -1.200895 0.501652 0.985946 -1
3 16.893885 -9.904186 3.321676 0.501718 0.839939 -1
3 18.902065 -5.128264 3.321675 0.501652 0.839939 -1
3 -7.702216 -12.960675 -1.200895 0.501652 0.985946 -1
3 -13.850718 -13.841204 3.321676 0.501718 0.839939 -1
3 -9.913704 -16.884367 3.321676 0.501652 0.839939 -1
3 -5.137784 18.911581 3.321673 0.501718 0.839939 -1
3 -9.913708 16.903400 3.321673 0.501652 0.839939 -1
3 -7.702224 12.979708 -1.200896 0.501652 0.985946 -1
3 -9.913704 -16.884367 3.321676 0.501718 0.839938 -1
3 -3.997380 -14.535962 -1.200895 0.501652 0.985959 -1
3 -7.702216 -12.960675 -1.200895 0.501718 0.985905 -1
3 -10.666533 -10.657025 -1.200895 0.501652 0.985946 -1
3 -12.970189 -7.692708 -1.200895 0.501718 0.985907 -1
3 -16.893883 -9.904191 3.321676 0.501718 0.839939 -1
3 -18.902063 -5.128266 3.321675 0.501718 0.839939 -1
3 -16.893883 -9.904191 3.321676 0.501652 0.839939 -1
3 -12.970189 -7.692708 -1.200895 0.501652 0.985946 -1
3 3.997379 14.554997 -1.200896 0.501652 0.985946 -1
3 9.913705 16.903402 3.321673 0.501718 0.839939 -1
3 5.137783 18.911583 3.321673 0.501652 0.839939 -1
3 13.850719 13.860239 3.321674 0.501718 0.839939 -1
3 7.702217 12.979710 -1.200896 0.501652 0.985946 -1
3 10.666534 10.676058 -1.200896 0.501718 0.985907 -1
3 -16.893883 9.923223 3.321674 0.501718 0.839938 -1
3 -14.545480 4.006898 -1.200896 0.501652 0.985959 -1
3 -12.970192 7.711736 -1.200896 0.501718 0.985905 -1
3 -3.997380 14.554997 -1.200896 0.501652 0.985946 -1
3 0.000001 15.094279 -1.200896 0.501718 0.985907 -1
3 0.000000 19.597393 3.321673 0.501718 0.839939 -1
3 10.666534 10.676058 -1.200896 0.501652 0.985946 -1
3 12.970189 7.711741 -1.200896 0.501718 0.985907 -1
3 16.893883 9.923226 3.321674 0.501718 0.839939 -1
3 10.666540 -10.657016 -1.200895 0.501652 0.985959 -1
3 7.702224 -12.960670 -1.200895 0.501718 0.985905 -1
3 9.913711 -16.884365 3.321676 0.501718 0.839938 -1
3 -14.545481 -3.987864 -1.200895 0.501652 0.985959 -1
3 -15.084763 0.009521 -1.200896 0.501718 0.985905 -1
3 -19.587875 0.009519 3.321675 0.501718 0.839938 -1
3 5.137783 18.911583 3.321673 0.501718 0.839939 -1
3 0.000001 15.094279 -1.200896 0.501652 0.985946 -1
3 3.997379 14.554997 -1.200896 0.501718 0.985907 -1
3 13.850721 -13.841198 3.321676 0.501718 0.839939 -1
3 12.970191 -7.692700 -1.200895 0.501652 0.985946 -1
3 10.666540 -10.657016 -1.200895 0.501718 0.985907 -1
3 -15.084763 0.009521 -1.200896 0.501652 0.985946 -1
3 -18.902065 5.147303 3.321674 0.501718 0.839939 -1
3 -19.587875 0.009519 3.321675 0.501652 0.839939 -1
3 14.545480 4.006897 -1.200896 0.501652 0.985959 -1
3 15.084761 0.009515 -1.200896 0.501718 0.985905 -1
3 19.587875 0.009519 3.321675 0.501718 0.839938 -1
3 -13.850720 13.860238 3.321674 0.501652 0.839939 -1
3 -10.666539 10.676053 -1.200896 0.501652 0.985946 -1
3 -9.913708 16.903400 3.321673 0.501718 0.839939 -1
3 0.000001 -19.578356 3.321676 0.501652 0.839939 -1
3 14.545478 -3.987862 -1.200895 0.501718 0.985907 -1
3 -16.893883 9.923223 3.321674 0.501652 0.839939 -1
3 14.545480 4.006897 -1.200896 0.501718 0.985907 -1
3 5.137786 -18.892548 3.321676 0.501652 0.839926 -1
3 12.970191 -7.692700 -1.200895 0.501718 0.985907 -1
3 -10.666533 -10.657025 -1.200895 0.501718 0.985907 -1
3 3.997379 -14.535961 -1.200895 0.501718 0.985907 -1
3 -5.137782 -18.892548 3.321676 0.501652 0.839926 -1
3 -3.997380 14.554997 -1.200896 0.501718 0.985907 -1
3 -13.850718 -13.841204 3.321676 0.501652 0.839939 -1
3 7.702217 12.979710 -1.200896 0.501718 0.985907 -1
3 9.913705 16.903402 3.321673 0.501652 0.839939 -1
3 -18.902065 5.147303 3.321674 0.501652 0.839926 -1
3 -14.545481 -3.987864 -1.200895 0.501718 0.985907 -1
3 -5.137784 18.911581 3.321673 0.501652 0.839939 -1
3 13.850719 13.860239 3.321674 0.501652 0.839939 -1
3 13.850721 -13.841198 3.321676 0.501652 0.839926 -1
3 0.000000 19.597393 3.321673 0.501652 0.839939 -1
3 16.893885 -9.904186 3.321676 0.501652 0.839939 -1
3 -14.545480 4.006898 -1.200896 0.501718 0.985907 -1
3 -18.902063 -5.128266 3.321675 0.501652 0.839926 -1
3 18.902063 5.147302 3.321674 0.501652 0.839926 -1
3 -7.702224 12.979708 -1.200896 0.501718 0.985907 -1
92
0.002900 -0.818900 0.573900
0.211900 -0.791200 0.573700
0.311900 -0.759900 0.570300
0.497200 -0.654000 0.570100
-0.650600 0.501100 0.570600
-0.211900 0.791200 0.573700
-0.311900 0.759900 0.570300
0.813900 0.109600 0.570600
0.759800 0.311600 0.570600
-0.814500 0.103500 0.570800
-0.759200 0.313100 0.570600
-0.759800 -0.311600 0.570600
-0.654000 -0.496700 0.570600
-0.580800 -0.577500 0.573700
-0.581100 -0.577000 0.573900
0.581100 0.577000 0.573900
0.580800 0.577500 0.573700
0.409400 0.709300 0.573800
0.003700 -0.819100 0.573600
-0.209600 -0.791600 0.573900
-0.409400 -0.709300 0.573800
-0.209000 -0.791900 0.573700
0.312100 -0.759900 0.570200
-0.002900 0.818900 0.573900
0.650900 -0.501000 0.570400
0.496300 -0.654000 0.570900
0.650600 -0.501100 0.570600
-0.496300 0.654000 0.570900
-0.497200 0.654000 0.570100
-0.650900 0.501000 0.570400
-0.312100 0.759900 0.570200
-0.003700 0.819100 0.573600
0.209600 0.791600 0.573900
0.209000 0.791900 0.573700
0.814100 0.110100 0.570100
0.815100 -0.102900 0.570100
0.759900 0.312100 0.570200
0.814500 -0.103500 0.570800
0.759200 -0.313100 0.570600
0.759400 -0.313000 0.570400
-0.815100 0.102900 0.570100
-0.759400 0.313000 0.570400
-0.814100 -0.110100 0.570100
-0.813900 -0.109600 0.570600
-0.759900 -0.312100 0.570200
-0.654000 -0.496300 0.570900
0.654000 0.496300 0.570900
0.654000 0.496700 0.570600
-0.683400 -0.185800 0.706000
-0.612000 -0.356600 0.705900
-0.611300 -0.359400 0.705100
0.185700 0.684000 0.705400
-0.000200 0.708500 0.705700
0.187500 0.682900 0.706000
-0.708500 -0.000200 0.705700
-0.684000 0.185700 0.705400
0.501100 -0.501500 0.705300
0.610500 -0.359200 0.705900
0.501000 -0.501600 0.705300
-0.188000 0.683400 0.705400
-0.185800 0.683400 0.706000
-0.356700 0.612000 0.705900
-0.359400 0.611200 0.705100
-0.682900 0.187500 0.706000
-0.612500 0.357100 0.705200
0.359200 0.610500 0.705900
0.501500 0.501100 0.705300
0.357100 0.612500 0.705200
0.185800 -0.683400 0.706000
0.356600 -0.612000 0.705900
0.359400 -0.611200 0.705100
0.501600 0.501000 0.705300
0.611200 0.359400 0.705100
0.612000 0.356600 0.705900
0.683400 0.185800 0.706000
-0.187500 -0.682900 0.706000
-0.357100 -0.612500 0.705200
-0.185700 -0.684000 0.705400
-0.501500 -0.501100 0.705300
-0.359200 -0.610500 0.705900
-0.501600 -0.501000 0.705300
0.612500 -0.357100 0.705200
0.682900 -0.187500 0.706000
0.188100 -0.683400 0.705400
0.000200 -0.708500 0.705700
-0.501000 0.501600 0.705300
0.683400 0.188100 0.705400
0.708500 0.000200 0.705700
-0.501100 0.501500 0.705300
-0.610500 0.359200 0.705900
0.684000 -0.185700 0.705400
-0.683400 -0.188000 0.705400
96
3 0 1 2 0 1 1 1
3 1 3 2 1 2 1 1
3 4 5 6 3 3 3 1
3 7 8 9 4 4 4 1
3 10 11 12 5 6 5 1
3 13 14 15 7 7 7 1
3 15 14 16 8 8 8 1
3 17 18 19 9 9 9 1
3 20 17 21 10 10 10 1
3 22 23 24 11 11 11 1
3 25 26 27 12 13 14 1
3 28 29 30 15 16 17 1
3 31 32 33 0 18 19 1
3 34 35 36 20 19 21 1
3 37 34 36 20 20 21 1
3 1 5 3 1 22 2 1
3 38 0 2 18 0 1 1
3 39 10 12 23 5 5 1
3 6 40 41 24 24 24 1
3 4 3 5 25 25 25 1
3 6 41 4 26 26 26 1
3 7 11 42 27 27 27 1
3 42 8 7 28 28 28 1
3 8 20 9 29 29 29 1
3 10 42 11 5 30 6 1
3 43 39 12 31 23 5 1
3 44 45 46 17 32 33 1
3 30 44 46 17 17 33 1
3 47 46 45 31 33 32 1
3 48 47 45 23 31 32 1
3 49 13 15 34 34 34 1
3 49 50 51 35 35 35 1
3 14 52 16 36 36 36 1
3 13 49 51 37 37 37 1
3 40 51 50 38 38 38 1
3 41 40 50 39 39 39 1
3 21 17 19 40 40 40 1
3 9 20 21 41 41 41 1
3 24 19 18 42 42 42 1
3 22 24 18 43 43 43 1
3 22 25 23 44 44 44 1
3 34 37 26 20 20 13 1
3 37 27 26 20 14 13 1
3 27 23 25 14 45 12 1
3 53 16 52 15 46 47 1
3 52 54 53 47 16 15 1
3 29 44 30 16 17 17 1
3 32 55 33 18 21 19 1
3 56 57 58 48 49 50 1
3 59 60 61 51 52 53 1
3 62 63 64 54 55 54 1
3 65 66 67 56 57 58 1
3 68 69 70 59 52 52 1
3 71 72 73 60 61 62 1
3 74 75 76 63 64 55 1
3 77 78 79 65 66 67 1
3 80 81 82 68 69 70 1
3 83 84 85 67 53 65 1
3 86 87 88 71 72 73 1
3 89 90 91 74 73 72 1
3 92 93 94 75 76 77 1
3 95 96 97 78 79 80 1
3 98 99 100 81 82 57 1
3 101 102 103 83 84 84 1
3 104 105 106 80 50 49 1
3 107 108 109 85 62 61 1
3 110 111 112 86 87 87 1
3 113 114 115 77 84 75 1
3 116 117 118 88 89 85 1
3 119 120 121 87 90 87 1
3 122 123 124 91 54 54 1
3 125 126 127 56 58 69 1
3 59 128 60 51 52 52 1
3 62 129 63 54 63 55 1
3 65 130 66 56 81 57 1
3 131 56 58 91 48 50 1
3 132 68 70 60 59 52 1
3 74 133 75 63 89 64 1
3 77 134 78 65 71 66 1
3 135 71 73 59 60 62 1
3 83 136 84 67 51 53 1
3 137 80 82 83 68 70 1
3 138 86 88 66 71 73 1
3 92 139 93 75 79 76 1
3 95 140 96 78 76 79 1
3 98 141 99 81 90 82 1
3 142 89 91 86 74 72 1
3 143 101 103 68 83 84 1
3 144 104 106 78 80 49 1
3 145 107 109 88 85 61 1
3 113 146 114 77 84 84 1
3 116 147 117 88 64 89 1
3 119 148 120 87 82 90 1
3 149 110 112 74 86 87 1
3 150 122 124 48 91 54 1
3 126 151 127 58 70 69 1
"spikes" 0 0
96
0 -2.720000 27.450003 3.499998 0.542056 0.556385 0
0 -3.382097 23.736799 3.668688 0.354777 0.548037 0
0 -2.720000 23.736799 3.500000 0.354777 0.556385 0
0 3.953860 23.736799 -0.961162 0.354777 0.640536 0
0 4.241700 25.785000 -4.944002 0.458080 0.644166 0
0 3.382097 27.507442 3.641269 0.544952 0.633327 0
0 3.382097 23.736799 3.668688 0.354777 0.633327 0
0 2.720000 27.450001 3.499998 0.542056 0.624978 0
0 2.720000 23.736799 3.499998 0.354777 0.624978 0
0 -3.382097 27.507442 3.396216 0.544952 0.548037 0
0 -3.953860 23.736799 -0.961162 0.354777 0.540827 0
0 -4.241700 25.790001 -4.944002 0.458332 0.537198 0
0 -4.241700 27.784700 -5.216474 0.558937 0.537198 0
0 -3.038888 28.067089 3.259981 0.573181 0.552364 0
0 4.241700 27.784700 -4.971421 0.558937 0.644166 0
0 3.038888 28.067089 3.627560 0.573181 0.628999 0
0 3.000000 29.020000 -4.998839 0.621241 0.628509 0
0 3.811260 28.508101 -4.985130 0.595423 0.638738 0
0 -2.392034 28.463112 3.123745 0.593154 0.560520 0
0 2.392034 28.463112 3.613851 0.593154 0.620843 0
0 -3.811260 28.508101 -5.352709 0.595423 0.542625 0
0 -3.000000 29.020000 -5.488945 0.621241 0.552855 0
0 -2.731391 23.736799 -0.961167 0.354777 0.556241 0
0 2.731400 23.736799 -0.961167 0.354777 0.625122 0
0 25.132401 -11.369413 3.499998 0.542056 0.556385 0
0 22.247721 -8.939419 3.668688 0.354777 0.548037 0
0 21.916672 -9.512812 3.500000 0.354777 0.556385 0
0 18.579741 -15.292543 -0.961162 0.354777 0.640536 0
0 20.209616 -16.565922 -4.944002 0.458080 0.644166 0
0 22.131094 -16.682705 3.641269 0.544952 0.633327 0
0 18.865622 -14.797382 3.668688 0.354777 0.633327 0
0 22.412397 -16.080591 3.499998 0.542056 0.624978 0
0 19.196671 -14.223989 3.499998 0.354777 0.624978 0
0 25.513193 -10.824741 3.396216 0.544952 0.548037 0
0 22.533602 -8.444258 -0.961162 0.354777 0.540827 0
0 24.455645 -9.221582 -4.944002 0.458332 0.537198 0
0 26.183105 -10.218932 -5.216474 0.558937 0.537198 0
0 25.826256 -11.401793 3.259981 0.573181 0.552364 0
0 21.941406 -17.565773 -4.971421 0.558937 0.644166 0
0 22.787369 -16.665300 3.627560 0.573181 0.628999 0
0 23.632057 -17.108078 -4.998839 0.621241 0.628509 0
0 22.783108 -17.554701 -4.985130 0.595423 0.638738 0
0 25.845795 -12.159995 3.123745 0.593154 0.560520 0
0 23.453762 -16.303120 3.613851 0.593154 0.620843 0
0 26.594368 -10.953404 -5.352709 0.595423 0.542625 0
0 26.632057 -11.911926 -5.488945 0.621241 0.552855 0
0 21.922367 -9.502946 -0.961167 0.354777 0.556241 0
0 19.190971 -14.233862 -0.961167 0.354777 0.625122 0
0 -22.412399 -16.080593 3.499998 0.542056 0.556385 0
0 -18.865622 -14.797382 3.668688 0.354777 0.548037 0
0 -19.196671 -14.223989 3.500000 0.354777 0.556385 0
0 -22.533602 -8.444258 -0.961162 0.354777 0.640536 0
0 -24.451315 -9.219082 -4.944002 0.458080 0.644166 0
0 -25.513193 -10.824741 3.641269 0.544952 0.633327 0
0 -22.247721 -8.939419 3.668688 0.354777 0.633327 0
0 -25.132399 -11.369413 3.499998 0.542056 0.624978 0
0 -21.916672 -9.512812 3.499998 0.354777 0.624978 0
0 -22.131094 -16.682705 3.396216 0.544952 0.548037 0
0 -18.579741 -15.292543 -0.961162 0.354777 0.540827 0
0 -20.213945 -16.568422 -4.944002 0.458332 0.537198 0
0 -21.941406 -17.565773 -5.216474 0.558937 0.537198 0
0 -22.787369 -16.665300 3.259981 0.573181 0.552364 0
0 -26.183105 -10.218932 -4.971421 0.558937 0.644166 0
0 -25.826256 -11.401793 3.627560 0.573181 0.628999 0
0 -26.632057 -11.911926 -4.998839 0.621241 0.628509 0
0 -26.594368 -10.953404 -4.985130 0.595423 0.638738 0
0 -23.453762 -16.303120 3.123745 0.593154 0.560520 0
0 -25.845795 -12.159995 3.613851 0.593154 0.620843 0
0 -22.783108 -17.554701 -5.352709 0.595423 0.542625 0
0 -23.632057 -17.108078 -5.488945 0.621241 0.552855 0
0 -19.190975 -14.233855 -0.961167 0.354777 0.556241 0
0 -21.922371 -9.502939 -0.961167 0.354777 0.625122 0
0 -2.719988 8.899978 3.500000 0.234561 0.405882 0
0 2.719999 8.900004 3.500000 0.234561 0.443273 0
0 -2.720013 27.449997 3.499999 0.744569 0.405881 0
0 2.719999 8.900004 -5.000001 0.234561 0.443273 0
0 2.720008 27.450008 -5.000002 0.744570 0.443273 0
0 -2.720001 8.899999 -5.000001 0.234561 0.405881 0
0 -2.720013 27.449997 -5.000002 0.744569 0.405881 0
0 2.720008 27.450008 3.499999 0.744570 0.443273 0
0 9.067601 -2.094410 3.500000 0.234561 0.405882 0
0 6.347631 -6.805591 3.500000 0.234561 0.443273 0
0 25.132402 -11.369401 3.499999 0.744569 0.405881 0
0 6.347631 -6.805591 -5.000001 0.234561 0.443273 0
0 22.412399 -16.080601 -5.000002 0.744570 0.443273 0
0 9.067626 -2.094410 -5.000001 0.234561 0.405881 0
0 25.132402 -11.369401 -5.000002 0.744569 0.405881 0
0 22.412399 -16.080601 3.499999 0.744570 0.443273 0
0 -6.347612 -6.805568 3.500000 0.234561 0.405882 0
0 -9.067629 -2.094414 3.500000 0.234561 0.443273 0
0 -22.412388 -16.080599 3.499999 0.744569 0.405881 0
0 -9.067629 -2.094414 -5.000001 0.234561 0.443273 0
0 -25.132406 -11.369409 -5.000002 0.744570 0.443273 0
0 -6.347625 -6.805589 -5.000001 0.234561 0.405881 0
0 -22.412388 -16.080599 -5.000002 0.744569 0.405881 0
0 -25.132406 -11.369409 3.499999 0.744570 0.443273 0
135
0.245700 -0.215200 0.945200
0.105500 0.033600 0.993800
0.861400 0.036000 -0.506700
-0.862700 0.164400 -0.478300
0.213600 -0.190700 -0.958100
0.876200 -0.198600 0.439100
0.460900 -0.567400 0.682300
-0.174600 -0.417400 0.891800
-0.445100 0.878000 0.175900
-0.992400 0.008900 0.122600
0.181600 -0.487000 -0.854300
-0.585900 0.239900 0.774000
-0.327500 0.670700 -0.665500
-0.139500 -0.332000 -0.932900
-0.701400 0.526400 0.480500
0.219300 0.113300 -0.969100
0.471400 0.460800 0.752000
-0.070400 0.024700 -0.997200
0.255800 0.213200 -0.942900
-0.017500 0.984200 0.176200
0.150400 0.656100 0.739600
-0.019500 0.353600 0.935200
-0.426900 0.332600 0.840900
-0.260300 0.613800 0.745300
-0.000000 0.348100 0.937400
-0.834600 0.541600 0.100500
-0.539100 0.835900 0.103000
-0.538100 0.836400 0.104700
-0.502000 0.860300 0.088500
0.069300 0.050600 -0.996300
-0.528000 0.844100 0.092900
-0.490000 0.868000 0.080400
-0.491000 0.867600 0.078700
0.043900 -0.995000 0.089800
-0.000000 -1.000000 -0.000000
0.208300 0.278300 0.937600
-0.760800 0.278300 0.586300
-0.309200 -0.105200 0.945200
-0.023700 -0.108200 0.993800
-0.399600 -0.764000 -0.506700
0.573700 0.664900 -0.478300
-0.272000 -0.089600 -0.958100
-0.610100 -0.659500 0.439100
-0.721900 -0.115500 0.682300
-0.274200 0.359900 0.891800
0.983000 -0.053500 0.175900
0.503900 0.855000 0.122600
-0.512600 0.086200 -0.854300
0.500700 0.387500 0.774000
0.744600 -0.051700 -0.665500
-0.217800 0.286800 -0.932900
0.806600 0.344200 0.480500
-0.011500 -0.246600 -0.969100
0.163400 -0.638600 0.752000
0.056600 0.048600 -0.997200
0.056700 -0.328200 -0.942900
0.861100 -0.476900 0.176200
0.493000 -0.458200 0.739600
0.316000 -0.159900 0.935200
0.501500 0.203400 0.840900
0.661700 -0.081500 0.745300
0.301500 -0.174100 0.937400
0.886300 0.452000 0.100500
0.993500 0.048900 0.103000
0.993400 0.047800 0.104700
0.996100 0.004600 0.088500
0.009200 -0.085300 -0.996300
0.995000 0.035200 0.092900
0.996700 -0.009600 0.080400
0.996900 -0.008600 0.078700
-0.883600 0.459500 0.089800
-0.866000 0.500000 -0.000000
0.136800 -0.319600 0.937600
0.621400 0.519700 0.586300
0.063500 0.320400 0.945200
-0.081800 0.074600 0.993800
-0.461800 0.728000 -0.506700
0.289000 -0.829300 -0.478300
0.058400 0.280300 -0.958100
-0.266100 0.858100 0.439100
0.260900 0.682900 0.682300
0.448700 0.057500 0.891800
-0.537800 -0.824500 0.175900
0.488500 -0.863900 0.122600
0.331000 0.400800 -0.854300
0.085200 -0.627400 0.774000
-0.417100 -0.618900 -0.665500
0.357200 0.045200 -0.932900
-0.105200 -0.870700 0.480500
-0.207800 0.133200 -0.969100
-0.634700 0.177800 0.752000
0.013800 -0.073300 -0.997200
-0.312600 0.115000 -0.942900
-0.843600 -0.507300 0.176200
-0.643400 -0.197800 0.739600
-0.296500 -0.193700 0.935200
-0.074600 -0.536000 0.840900
-0.401400 -0.532300 0.745300
-0.301500 -0.174100 0.937400
-0.051700 -0.993600 0.100500
-0.454400 -0.884800 0.103000
-0.455300 -0.884200 0.104700
-0.494100 -0.864900 0.088500
-0.078500 0.034700 -0.996300
-0.467000 -0.879400 0.092900
-0.506700 -0.858400 0.080400
-0.505900 -0.859000 0.078700
0.839700 0.535500 0.089800
0.866000 0.500000 -0.000000
-0.345200 0.041300 0.937600
0.139400 -0.798000 0.586300
-0.577300 -0.577400 0.577300
0.577300 -0.577400 0.577300
-0.577300 0.577400 0.577300
0.707100 -0.707100 -0.000000
0.707100 0.707100 -0.000000
-0.707100 -0.707100 -0.000000
-0.707100 0.707100 -0.000000
0.577300 0.577400 0.577400
-0.211300 0.788700 0.577300
-0.788700 -0.211300 0.577300
0.788700 0.211300 0.577300
-0.965900 -0.258800 -0.000000
0.258800 -0.965900 -0.000000
-0.258800 0.965900 -0.000000
0.965900 0.258800 -0.000000
0.211300 -0.788700 0.577400
0.788700 -0.211300 0.577300
0.211300 0.788700 0.577300
-0.211300 -0.788700 0.577300
0.258800 0.965900 -0.000000
-0.965900 0.258800 -0.000000
0.965900 -0.258800 -0.000000
-0.258800 -0.965900 -0.000000
-0.788700 0.211300 0.577400
120
0 0 1 2 0 1 2 1
0 3 4 5 3 4 5 1
0 6 7 8 6 7 8 1
0 1 9 10 9 9 9 1
0 10 9 11 10 11 12 1
0 11 9 12 12 11 13 1
0 13 12 9 14 13 11 1
0 6 3 5 6 3 5 1
0 14 5 4 15 5 4 1
0 14 15 5 15 16 5 1
0 16 15 17 17 16 18 1
0 16 18 19 17 19 20 1
0 9 0 13 11 0 14 1
0 18 13 0 21 21 22 1
0 19 18 7 20 19 7 1
0 0 7 18 23 24 24 1
0 19 7 15 20 7 16 1
0 15 7 5 16 7 5 1
0 0 9 1 0 11 1 1
0 6 5 7 6 5 7 1
0 13 20 12 14 25 13 1
0 20 13 21 26 27 28 1
0 14 17 15 15 18 16 1
0 16 19 15 17 20 16 1
0 16 21 18 17 29 19 1
0 13 18 21 30 31 32 1
0 1 10 2 33 34 35 1
0 6 8 3 6 8 3 1
0 2 10 22 36 34 34 1
0 3 8 23 3 8 34 1
0 24 25 26 37 38 39 1
0 27 28 29 40 41 42 1
0 30 31 32 43 44 45 1
0 25 33 34 46 46 46 1
0 34 33 35 47 48 49 1
0 35 33 36 49 48 50 1
0 37 36 33 51 50 48 1
0 30 27 29 43 40 42 1
0 38 29 28 52 42 41 1
0 38 39 29 52 53 42 1
0 40 39 41 54 53 55 1
0 40 42 43 54 56 57 1
0 33 24 37 48 37 51 1
0 42 37 24 58 58 59 1
0 43 42 31 57 56 44 1
0 24 31 42 60 61 61 1
0 43 31 39 57 44 53 1
0 39 31 29 53 44 42 1
0 24 33 25 37 48 38 1
0 30 29 31 43 42 44 1
0 37 44 36 51 62 50 1
0 44 37 45 63 64 65 1
0 38 41 39 52 55 53 1
0 40 43 39 54 57 53 1
0 40 45 42 54 66 56 1
0 37 42 45 67 68 69 1
0 25 34 26 70 71 72 1
0 30 32 27 43 45 40 1
0 26 34 46 73 71 71 1
0 27 32 47 40 45 71 1
0 48 49 50 74 75 76 1
0 51 52 53 77 78 79 1
0 54 55 56 80 81 82 1
0 49 57 58 83 83 83 1
0 58 57 59 84 85 86 1
0 59 57 60 86 85 87 1
0 61 60 57 88 87 85 1
0 54 51 53 80 77 79 1
0 62 53 52 89 79 78 1
0 62 63 53 89 90 79 1
0 64 63 65 91 90 92 1
0 64 66 67 91 93 94 1
0 57 48 61 85 74 88 1
0 66 61 48 95 95 96 1
0 67 66 55 94 93 81 1
0 48 55 66 97 98 98 1
0 67 55 63 94 81 90 1
0 63 55 53 90 81 79 1
0 48 57 49 74 85 75 1
0 54 53 55 80 79 81 1
0 61 68 60 88 99 87 1
0 68 61 69 100 101 102 1
0 62 65 63 89 92 90 1
0 64 67 63 91 94 90 1
0 64 69 66 91 103 93 1
0 61 66 69 104 105 106 1
0 49 58 50 107 108 109 1
0 54 56 51 80 82 77 1
0 50 58 70 110 108 108 1
0 51 56 71 77 82 108 1
0 72 73 74 111 112 113 1
0 75 76 73 114 115 112 1
0 77 75 73 116 114 112 1
0 78 77 74 117 116 113 1
0 76 78 74 115 117 113 1
0 74 79 76 113 118 115 1
0 73 76 79 112 115 118 1
0 73 72 77 112 111 116 1
0 74 77 72 113 116 111 1
0 74 73 79 113 112 118 1
0 80 81 82 119 120 121 1
0 83 84 81 122 123 120 1
0 85 83 81 124 122 120 1
0 86 85 82 125 124 121 1
0 84 86 82 123 125 121 1
0 82 87 84 121 126 123 1
0 81 84 87 120 123 126 1
0 81 80 85 120 119 124 1
0 82 85 80 121 124 119 1
0 82 81 87 121 120 126 1
0 88 89 90 127 128 129 1
0 91 92 89 130 131 128 1
0 93 91 89 132 130 128 1
0 94 93 90 133 132 129 1
0 92 94 90 131 133 129 1
0 90 95 92 129 134 131 1
0 89 92 95 128 131 134 1
0 89 88 93 128 127 132 1
0 90 93 88 129 132 127 1
0 90 89 95 129 128 134 1


Materials: 3
"default"
1.000000 1.000000 1.000000 1.000000
0.800000 0.800000 0.800000 1.000000
0.000000 0.000000 0.000000 1.000000
0.000000 0.000000 0.000000 1.000000
0.192000
1.000000
"_mine ani tex.ini"
""
"ornate"
0.000000 0.000000 0.000000 1.000000
1.000000 1.000000 1.000000 1.000000
1.000000 1.000000 1.000000 1.000000
0.000000 0.000000 0.000000 1.000000
0.000000
1.000000
"_mine ornate.png"
""
"nomove"
1.000000 1.000000 1.000000 1.000000
0.800000 0.800000 0.800000 1.000000
0.000000 0.000000 0.000000 1.000000
0.000000 0.000000 0.000000 1.000000
0.192000
1.000000
"_mine tex.png"
""

Bones: 1
"joint1"
""
0 0 0 0 0 0 0
2
1.000000 0.000000 0.000000 0.000000
60.000000 0.000000 0.000000 0.000000
3
1.000000 0.000000 0.000000 0.000000
30.000000 0.000000 0.000000 -3.1
60.000000 0.000000 0.000000 -6.2
