// MilkShape 3D ASCII

Frames: 30
Frame: 1

Meshes: 3
"mine" 0 0
294
3 8.858743 2.444270 0.944000 0.989040 0.948469 -1
3 -0.534138 4.068677 -1.000000 0.024665 0.892478 -1
3 9.187212 0.009516 0.944000 0.990689 0.886193 -1
3 -26.397806 -7.148741 -1.139077 0.064483 0.032130 -1
3 -26.326895 0.009516 -0.944000 0.065681 0.032130 -1
3 -27.348967 0.003934 -1.139078 0.048411 0.032130 -1
3 27.390104 0.003936 -1.139078 0.973326 0.032130 -1
3 26.326895 0.009519 -0.944000 0.955361 0.032130 -1
3 25.411972 -6.870676 -0.943999 0.939902 0.032130 -1
3 7.173248 -26.414442 -1.139075 0.631726 0.032130 -1
3 0.000004 -26.317377 -0.943998 0.510521 0.032130 -1
3 0.020573 -27.365599 -1.139075 0.510869 0.032130 -1
3 19.373755 -19.349247 -1.139076 0.837876 0.032130 -1
3 13.282471 -22.721109 -0.943998 0.734952 0.032130 -1
3 13.829074 -23.626907 -1.139076 0.744188 0.032130 -1
3 13.829067 23.634781 -1.139080 0.744188 0.032130 -1
3 13.282465 22.740149 -0.944002 0.734952 0.032130 -1
3 18.615925 18.625446 -0.944002 0.825071 0.032130 -1
3 26.438946 7.156610 -1.139078 0.957255 0.032130 -1
3 7.173243 26.422312 -1.139080 0.631726 0.032130 -1
3 -25.411972 6.889711 -0.944001 0.081140 0.032130 -1
3 -26.397808 7.156609 -1.139078 0.064439 0.032130 -1
3 -7.132106 26.422312 -1.139080 0.390011 0.032130 -1
3 -0.000001 26.336412 -0.944002 0.510521 0.032130 -1
3 0.020568 27.373470 -1.139080 0.510869 0.032130 -1
3 -19.332615 19.357119 -1.139079 0.183862 0.032130 -1
3 -18.615925 18.625443 -0.944001 0.195972 0.032130 -1
3 -13.282466 22.740147 -0.944002 0.286090 0.032130 -1
3 -23.610277 13.812433 -1.139079 0.111583 0.032130 -1
3 6.880193 25.421490 -0.944002 0.626775 0.032130 -1
3 -6.880195 25.421490 -0.944002 0.394268 0.032130 -1
3 -13.787930 23.634779 -1.139080 0.277549 0.032130 -1
3 26.438948 -7.148739 -1.139077 0.957255 0.032130 -1
3 22.730631 -13.272946 -0.943999 0.894596 0.032130 -1
3 19.373751 19.357122 -1.139079 0.837876 0.032130 -1
3 22.730627 13.291983 -0.944001 0.894596 0.032130 -1
3 23.651411 13.812433 -1.139079 0.910154 0.032130 -1
3 25.411970 6.889712 -0.944001 0.939902 0.032130 -1
3 18.615929 -18.606407 -0.943998 0.825071 0.032130 -1
3 23.651415 -13.804563 -1.139076 0.910154 0.032130 -1
3 -6.880191 -25.402454 -0.943998 0.394268 0.032130 -1
3 -7.132102 -26.414442 -1.139075 0.390012 0.032130 -1
3 6.880198 -25.402452 -0.943998 0.626775 0.032130 -1
3 -19.368999 -19.302088 -1.139076 0.183247 0.032130 -1
3 -22.730627 -13.272951 -0.943999 0.126446 0.032130 -1
3 -23.610273 -13.804567 -1.139076 0.111583 0.032130 -1
3 -25.411970 -6.870678 -0.943999 0.081140 0.032130 -1
3 -18.650925 -18.561045 -0.943998 0.195380 0.032130 -1
3 -13.787926 -23.626909 -1.139076 0.277549 0.032130 -1
3 -13.282461 -22.721113 -0.943998 0.286090 0.032130 -1
3 -26.397808 7.156609 -1.139078 0.064483 0.032130 -1
3 -22.730631 13.291983 -0.944001 0.126446 0.032130 -1
3 -5.771669 21.243662 7.021668 0.381015 0.285620 -1
3 -0.000000 22.014088 7.021668 0.500000 0.283867 -1
3 -0.000000 24.263361 5.483571 0.500000 0.278748 -1
3 18.978201 -11.127309 7.021671 0.891241 0.359291 -1
3 17.150059 -17.140535 5.483574 0.853553 0.372976 -1
3 20.931627 -12.242663 5.483574 0.931512 0.361830 -1
3 22.004570 0.009519 7.021670 0.953630 0.333946 -1
3 23.408424 -6.338281 5.483573 0.982571 0.348392 -1
3 24.253843 0.009519 5.483573 1.000000 0.333946 -1
3 -20.931627 12.261700 5.483572 0.068488 0.306062 -1
3 -21.234146 5.781187 7.021669 0.062252 0.320810 -1
3 -18.978201 11.146349 7.021669 0.108759 0.308600 -1
3 -17.150059 17.159576 5.483572 0.146447 0.294915 -1
3 15.559581 15.569101 7.021669 0.820765 0.298535 -1
3 18.978201 11.146352 7.021669 0.891241 0.308600 -1
3 20.931623 12.261700 5.483572 0.931512 0.306062 -1
3 23.408424 6.357318 5.483572 0.982571 0.319499 -1
3 -18.978199 -11.127315 7.021671 0.108759 0.359291 -1
3 -21.234144 -5.762151 7.021670 0.062252 0.347081 -1
3 -23.408424 -6.338284 5.483573 0.017428 0.348392 -1
3 -20.931623 -12.242667 5.483574 0.068489 0.361830 -1
3 -17.150053 -17.140545 5.483574 0.146447 0.372976 -1
3 -15.559576 -15.550063 7.021671 0.179235 0.369357 -1
3 -12.252182 20.941143 5.483571 0.247418 0.286309 -1
3 -15.559582 15.569099 7.021669 0.179235 0.298535 -1
3 0.000001 -21.995050 7.021671 0.500000 0.384024 -1
3 -6.347798 -23.398909 5.483574 0.369138 0.387219 -1
3 0.000002 -24.244326 5.483575 0.500000 0.389143 -1
3 12.252181 20.941145 5.483571 0.752582 0.286309 -1
3 5.771667 21.243664 7.021668 0.618984 0.285620 -1
3 11.136828 18.987720 7.021668 0.729589 0.290754 -1
3 -25.411970 -6.870678 -0.943999 0.627570 0.194447 -1
3 -24.253843 0.009517 5.483573 0.500952 0.192122 -1
3 -26.326895 0.009516 -0.944000 0.500952 0.196283 -1
3 26.326895 0.009519 -0.944000 0.500952 0.090598 -1
3 24.253843 0.009519 5.483573 0.500952 0.094759 -1
3 23.408424 -6.338281 5.483573 0.617772 0.096456 -1
3 6.880198 -25.402452 -0.943998 0.968616 0.129631 -1
3 0.000002 -24.244326 5.483575 0.947303 0.143440 -1
3 0.000004 -26.317377 -0.943998 0.985453 0.143440 -1
3 18.615929 -18.606407 -0.943998 0.843546 0.106075 -1
3 12.252187 -20.922106 5.483574 0.886163 0.118848 -1
3 13.282471 -22.721109 -0.943998 0.919270 0.116780 -1
3 13.282465 22.740149 -0.944002 0.082633 0.116780 -1
3 12.252181 20.941145 5.483571 0.115741 0.118848 -1
3 17.150057 17.159576 5.483572 0.185334 0.109017 -1
3 25.411970 6.889712 -0.944001 0.374333 0.092434 -1
3 6.880193 25.421490 -0.944002 0.033287 0.129631 -1
3 -23.408424 6.357317 5.483572 0.384131 0.190425 -1
3 -25.411972 6.889711 -0.944001 0.374675 0.194452 -1
3 -6.880195 25.421490 -0.944002 0.033287 0.157250 -1
3 -0.000000 24.263361 5.483571 0.054601 0.143440 -1
3 -0.000001 26.336412 -0.944002 0.016450 0.143440 -1
3 -18.615925 18.625443 -0.944001 0.158357 0.180806 -1
3 -17.150059 17.159576 5.483572 0.185334 0.177863 -1
3 -12.252182 20.941143 5.483571 0.115741 0.168033 -1
3 -22.730631 13.291983 -0.944001 0.256510 0.189065 -1
3 -23.408424 6.357317 5.483572 0.017428 0.319499 -1
3 -22.004570 0.009519 7.021670 0.046369 0.333946 -1
3 6.347799 23.417942 5.483571 0.070159 0.130699 -1
3 -11.136832 18.987719 7.021668 0.270411 0.290754 -1
3 -6.347800 23.417942 5.483571 0.369138 0.280672 -1
3 -6.347800 23.417942 5.483571 0.070159 0.156182 -1
3 -13.282466 22.740147 -0.944002 0.082633 0.170101 -1
3 21.234144 5.781188 7.021669 0.937748 0.320810 -1
3 25.411972 -6.870676 -0.943999 0.627570 0.092434 -1
3 20.931627 -12.242663 5.483574 0.726432 0.101427 -1
3 6.347799 23.417942 5.483571 0.630862 0.280672 -1
3 18.615925 18.625446 -0.944002 0.158357 0.106075 -1
3 20.931623 12.261700 5.483572 0.275471 0.101427 -1
3 22.730627 13.291983 -0.944001 0.256510 0.097816 -1
3 17.150057 17.159576 5.483572 0.853553 0.294915 -1
3 23.408424 6.357318 5.483572 0.384131 0.096456 -1
3 12.252187 -20.922106 5.483574 0.752582 0.381583 -1
3 15.559583 -15.550060 7.021671 0.820765 0.369357 -1
3 21.234146 -5.762148 7.021670 0.937748 0.347081 -1
3 17.150059 -17.140535 5.483574 0.816569 0.109017 -1
3 22.730631 -13.272946 -0.943999 0.745393 0.097816 -1
3 6.347804 -23.398907 5.483574 0.630862 0.387219 -1
3 5.771671 -21.224628 7.021671 0.618985 0.382271 -1
3 -6.347798 -23.398909 5.483574 0.931744 0.156182 -1
3 -6.880191 -25.402454 -0.943998 0.968616 0.157250 -1
3 -24.253843 0.009517 5.483573 0.000000 0.333946 -1
3 6.347804 -23.398907 5.483574 0.931744 0.130699 -1
3 -5.771667 -21.224628 7.021671 0.381015 0.382271 -1
3 -12.252179 -20.922110 5.483574 0.247418 0.381583 -1
3 -11.136827 -18.968685 7.021671 0.270411 0.377137 -1
3 -18.650925 -18.561045 -0.943998 0.842712 0.180876 -1
3 -20.931623 -12.242667 5.483574 0.726433 0.185454 -1
3 -22.730627 -13.272951 -0.943999 0.745393 0.189065 -1
3 -23.408424 -6.338284 5.483573 0.617772 0.190425 -1
3 -17.150053 -17.140545 5.483574 0.816569 0.177863 -1
3 -13.282461 -22.721113 -0.943998 0.919270 0.170101 -1
3 11.136835 -18.968683 7.021671 0.729589 0.377137 -1
3 -12.252179 -20.922110 5.483574 0.886163 0.168033 -1
3 -25.411972 6.889711 -0.944001 0.374333 0.194447 -1
3 -20.931627 12.261700 5.483572 0.275471 0.185454 -1
3 -21.234146 5.781187 7.021669 0.372911 0.468359 -1
3 -9.162034 5.450302 -1.000000 0.273263 0.468359 -1
3 -18.978201 11.146349 7.021669 0.253553 0.468359 -1
3 -11.136832 18.987719 7.021668 0.079109 0.468359 -1
3 -15.559582 15.569099 7.021669 0.155162 0.468359 -1
3 -5.440785 9.171552 -1.000000 0.112203 0.468359 -1
3 -7.534754 7.544270 -1.000000 0.182421 0.468359 -1
3 22.004570 0.009519 7.021670 0.501311 0.468359 -1
3 21.234144 5.781188 7.021669 0.372910 0.468359 -1
3 10.655749 0.009516 -1.000000 0.502012 0.468359 -1
3 -5.771667 -21.224628 7.021671 0.973701 0.468359 -1
3 -5.440781 -9.152516 -0.999999 0.891822 0.468359 -1
3 -11.136827 -18.968685 7.021671 0.923514 0.468359 -1
3 11.136835 -18.968683 7.021671 0.923514 0.468359 -1
3 2.823716 -10.265287 -0.999999 0.938158 0.468359 -1
3 5.771671 -21.224628 7.021671 0.973701 0.468359 -1
3 18.978201 11.146352 7.021669 0.253553 0.468359 -1
3 10.274806 2.833234 -1.000000 0.383463 0.468359 -1
3 -18.978199 -11.127315 7.021671 0.749069 0.468359 -1
3 -10.274805 -2.814199 -1.000000 0.620561 0.468359 -1
3 -21.234144 -5.762151 7.021670 0.629712 0.468359 -1
3 15.559581 15.569101 7.021669 0.155162 0.468359 -1
3 9.162033 5.450304 -1.000000 0.273263 0.468359 -1
3 -0.000003 -10.646231 -0.999999 0.953983 0.468359 -1
3 0.000001 -21.995050 7.021671 0.990840 0.468359 -1
3 11.136828 18.987720 7.021668 0.079108 0.468359 -1
3 5.771667 21.243664 7.021668 0.028921 0.468359 -1
3 5.440783 9.171554 -1.000000 0.112203 0.468359 -1
3 15.559583 -15.550060 7.021671 0.847461 0.468359 -1
3 5.440787 -9.152514 -0.999999 0.891822 0.468359 -1
3 18.978201 -11.127309 7.021671 0.749069 0.468359 -1
3 7.534755 -7.525233 -0.999999 0.821604 0.468359 -1
3 7.534752 7.544272 -1.000000 0.182421 0.468359 -1
3 -0.000000 22.014088 7.021668 0.011782 0.468359 -1
3 -5.771669 21.243662 7.021668 0.028921 0.468359 -1
3 0.000001 10.665268 -1.000000 0.050042 0.468359 -1
3 21.234146 -5.762148 7.021670 0.629712 0.468359 -1
3 10.274805 -2.814197 -1.000000 0.620561 0.468359 -1
3 9.162035 -5.431265 -1.000000 0.730761 0.468359 -1
3 -7.534749 -7.525238 -0.999999 0.821604 0.468359 -1
3 -15.559576 -15.550063 7.021671 0.847461 0.468359 -1
3 2.823715 10.284325 -1.000000 0.065866 0.468359 -1
3 -2.823716 10.284325 -1.000000 0.065866 0.468359 -1
3 -22.004570 0.009519 7.021670 0.501311 0.468359 -1
3 -10.274805 2.833234 -1.000000 0.383463 0.468359 -1
3 -10.655749 0.009520 -1.000000 0.502012 0.468359 -1
3 -2.823716 -10.265287 -0.999999 0.938158 0.468359 -1
3 -9.162032 -5.431270 -1.000000 0.730761 0.468359 -1
3 8.858743 2.444270 0.944000 0.338359 0.783109 -1
3 9.187212 0.009516 0.944000 0.447228 0.783109 -1
3 10.655749 0.009516 -1.000000 0.438205 0.783109 -1
3 4.697166 7.906288 0.944000 0.115170 0.783109 -1
3 7.534752 7.544272 -1.000000 0.114223 0.783109 -1
3 5.440783 9.171554 -1.000000 0.052976 0.783109 -1
3 0.000001 9.196731 0.944000 0.085259 0.783109 -1
3 2.823715 10.284325 -1.000000 0.018377 0.783109 -1
3 0.000001 10.665268 -1.000000 0.018377 0.783109 -1
3 -2.434752 8.868261 0.944000 0.115178 0.783109 -1
3 -7.896769 4.706685 0.944000 0.338270 0.783109 -1
3 -7.534754 7.544270 -1.000000 0.206813 0.783109 -1
3 -9.162034 5.450302 -1.000000 0.312178 0.783109 -1
3 -9.187212 0.009520 0.944000 0.560124 0.783109 -1
3 -10.274805 2.833234 -1.000000 0.438205 0.783109 -1
3 -10.655749 0.009520 -1.000000 0.569147 0.783109 -1
3 -8.858742 -2.425235 0.944001 0.668993 0.783109 -1
3 -4.697165 -7.887251 0.944001 0.892182 0.783109 -1
3 -7.534749 -7.525238 -0.999999 0.893130 0.783109 -1
3 -5.440781 -9.152516 -0.999999 0.954376 0.783109 -1
3 -0.000003 -9.177693 0.944001 0.922093 0.783109 -1
3 -2.823716 -10.265287 -0.999999 0.988975 0.783109 -1
3 -0.000003 -10.646231 -0.999999 0.988975 0.783109 -1
3 2.434752 -8.849224 0.944001 0.892174 0.783109 -1
3 7.896769 -4.687649 0.944001 0.669082 0.783109 -1
3 7.534755 -7.525233 -0.999999 0.800539 0.783109 -1
3 9.162035 -5.431265 -1.000000 0.695175 0.783109 -1
3 8.858742 -2.425233 0.944001 0.560133 0.783109 -1
3 10.274805 -2.814197 -1.000000 0.569147 0.783109 -1
3 6.497601 6.507121 0.944000 0.167831 0.783109 -1
3 7.896768 4.706687 0.944000 0.241232 0.783109 -1
3 9.162033 5.450304 -1.000000 0.199591 0.783109 -1
3 2.434752 8.868261 0.944000 0.085259 0.783109 -1
3 -6.497602 6.507118 0.944000 0.247676 0.783109 -1
3 -4.697168 7.906286 0.944000 0.172891 0.783109 -1
3 -5.440785 9.171552 -1.000000 0.119835 0.783109 -1
3 -7.896767 -4.687653 0.944001 0.766121 0.783109 -1
3 -10.274805 -2.814199 -1.000000 0.695408 0.783109 -1
3 -8.858742 2.444270 0.944000 0.447219 0.783109 -1
3 -6.497598 -6.488085 0.944001 0.839522 0.783109 -1
3 -9.162032 -5.431270 -1.000000 0.807762 0.783109 -1
3 4.697171 -7.887248 0.944001 0.834461 0.783109 -1
3 2.823716 -10.265287 -0.999999 0.954276 0.783109 -1
3 -2.434752 -8.849224 0.944001 0.922093 0.783109 -1
3 6.497603 -6.488082 0.944001 0.759676 0.783109 -1
3 5.440787 -9.152514 -0.999999 0.887517 0.783109 -1
3 10.274806 2.833234 -1.000000 0.311944 0.783109 -1
3 4.697171 -7.887248 0.944001 0.989040 0.948469 -1
3 2.434752 -8.849224 0.944001 0.990689 0.886193 -1
3 -4.697165 -7.887251 0.944001 0.989040 0.948469 -1
3 -6.497598 -6.488085 0.944001 0.990689 0.886193 -1
3 -0.534138 4.068677 -1.000000 0.024532 0.892191 -1
3 2.434752 8.868261 0.944000 0.614419 0.929084 -1
3 0.000001 9.196731 0.944000 0.526686 0.887908 -1
3 -6.497598 -6.488085 0.944001 0.989040 0.948469 -1
3 -7.896767 -4.687653 0.944001 0.990689 0.886193 -1
3 -7.896767 -4.687653 0.944001 0.989040 0.948469 -1
3 -8.858742 -2.425235 0.944001 0.990689 0.886193 -1
3 -8.858742 -2.425235 0.944001 0.989040 0.948469 -1
3 -9.187212 0.009520 0.944000 0.990689 0.886193 -1
3 -9.187212 0.009520 0.944000 0.990261 0.941353 -1
3 -8.858742 2.444270 0.944000 0.990689 0.886193 -1
3 0.000001 9.196731 0.944000 0.512979 0.888725 -1
3 -2.434752 8.868261 0.944000 0.611957 0.934233 -1
3 -0.534138 4.068677 -1.000000 0.020917 0.891685 -1
3 -2.434752 8.868261 0.944000 0.607222 0.888725 -1
3 -4.697168 7.906286 0.944000 0.716116 0.937615 -1
3 2.434752 -8.849224 0.944001 0.989040 0.948469 -1
3 -0.000003 -9.177693 0.944001 0.990689 0.886193 -1
3 -0.000003 -9.177693 0.944001 0.989040 0.948469 -1
3 -2.434752 -8.849224 0.944001 0.990689 0.886193 -1
3 -2.434752 -8.849224 0.944001 0.989040 0.948469 -1
3 -4.697165 -7.887251 0.944001 0.990689 0.886193 -1
3 9.187212 0.009516 0.944000 0.989040 0.948469 -1
3 8.858742 -2.425233 0.944001 0.990689 0.886193 -1
3 8.858742 -2.425233 0.944001 0.989040 0.948469 -1
3 7.896769 -4.687649 0.944001 0.990689 0.886193 -1
3 7.896769 -4.687649 0.944001 0.989040 0.948469 -1
3 6.497603 -6.488082 0.944001 0.990689 0.886193 -1
3 6.497603 -6.488082 0.944001 0.989040 0.948469 -1
3 4.697171 -7.887248 0.944001 0.990689 0.886193 -1
3 -0.534138 4.068677 -1.000000 0.020211 0.894229 -1
3 4.697166 7.906288 0.944000 0.715422 0.936173 -1
3 2.434752 8.868261 0.944000 0.618383 0.887050 -1
3 4.697166 7.906288 0.944000 0.716309 0.938746 -1
3 6.497601 6.507121 0.944000 0.818823 0.886193 -1
3 6.497601 6.507121 0.944000 0.811080 0.938185 -1
3 7.896768 4.706687 0.944000 0.900891 0.886193 -1
3 7.896768 4.706687 0.944000 0.899254 0.941987 -1
3 8.858743 2.444270 0.944000 0.990689 0.886193 -1
3 -8.858742 2.444270 0.944000 0.986989 0.945747 -1
3 -7.896769 4.706685 0.944000 0.903880 0.886193 -1
3 -7.896769 4.706685 0.944000 0.905523 0.945747 -1
3 -6.497602 6.507118 0.944000 0.816873 0.886193 -1
3 -6.497602 6.507118 0.944000 0.822661 0.943025 -1
3 -4.697168 7.906286 0.944000 0.715996 0.886193 -1
3 -2.823716 10.284325 -1.000000 0.053076 0.783109 -1
200
0.370000 0.105700 0.923000
0.014400 -0.110000 0.993800
0.394700 0.003100 0.918800
-0.187300 -0.024900 0.982000
0.180300 -0.024000 0.983300
0.632100 -0.084100 0.770300
0.611600 -0.165600 0.773700
0.024300 -0.182400 0.982900
0.111500 -0.144500 0.983200
0.112400 0.145700 0.982900
0.180500 0.024000 0.983300
0.071500 0.170600 0.982700
-0.187600 0.024900 0.981900
-0.024600 0.185300 0.982400
-0.115100 0.149100 0.982100
-0.149500 0.115400 0.982000
0.024500 0.184300 0.982600
-0.072500 0.173200 0.982200
0.174100 -0.047100 0.983600
0.588400 -0.246400 0.770100
0.145000 0.111900 0.983100
0.168400 0.070500 0.983200
0.144100 -0.111200 0.983300
-0.024400 -0.183400 0.982700
0.070800 -0.169000 0.983100
-0.148600 -0.114600 0.982200
-0.173800 -0.072800 0.982100
-0.114500 -0.147700 0.982400
-0.174500 0.073100 0.981900
-0.071800 -0.171500 0.982600
0.167800 -0.070300 0.983300
-0.010700 0.038900 0.999200
-0.000100 0.040400 0.999200
-0.000100 0.564400 0.825500
0.033400 -0.025500 0.999100
0.399100 -0.399300 0.825400
0.449700 -0.347200 0.822900
0.562900 -0.075000 0.823100
-0.522900 0.219900 0.823500
-0.033400 0.025500 0.999100
-0.399100 0.399300 0.825400
-0.449700 0.347200 0.822900
0.449500 0.347500 0.822900
0.523100 0.219400 0.823500
-0.523800 -0.220200 0.822900
-0.449300 -0.346900 0.823300
-0.283800 0.487800 0.825500
-0.027100 0.027300 0.999300
0.000100 -0.040400 0.999200
-0.147600 -0.544900 0.825400
0.000100 -0.564400 0.825500
0.219800 0.523200 0.823400
0.010600 0.039000 0.999200
0.014500 0.034500 0.999300
-0.944200 -0.125600 0.304500
0.944200 -0.125700 0.304500
0.918500 -0.249200 0.306900
0.125600 -0.944200 0.304500
0.581900 -0.754200 0.304400
0.582100 0.754000 0.304300
0.944200 0.125600 0.304500
0.367900 0.878500 0.304800
-0.944100 0.125600 0.304700
-0.125600 0.944200 0.304500
-0.582100 0.753900 0.304700
-0.754100 0.581800 0.304700
-0.562500 0.075100 0.823300
0.125600 0.944100 0.304700
-0.019900 0.034000 0.999200
-0.147600 0.544700 0.825500
-0.368400 0.878300 0.304900
0.562600 0.074900 0.823300
0.878400 -0.368200 0.304600
0.147600 0.544900 0.825400
0.754200 0.581900 0.304400
0.347100 0.449100 0.823300
0.878300 0.368400 0.304900
0.283800 -0.487800 0.825500
0.027100 -0.027300 0.999300
0.523900 -0.219800 0.822900
0.754100 -0.581800 0.304700
0.147600 -0.544700 0.825500
0.010700 -0.038900 0.999200
-0.125600 -0.944100 0.304700
-0.562600 -0.074900 0.823300
0.368400 -0.878300 0.304900
-0.010600 -0.039000 0.999200
-0.219800 -0.523200 0.823400
-0.347100 -0.449100 0.823300
-0.754200 -0.581900 0.304400
-0.878300 -0.368400 0.304900
-0.583800 -0.753300 0.302800
0.019900 -0.034000 0.999200
0.562500 -0.075100 0.823300
-0.523900 0.219800 0.822900
0.449300 0.346900 0.823300
0.523800 0.220200 0.822900
-0.523100 -0.219400 0.823500
-0.449500 -0.347500 0.822900
-0.944100 -0.125700 0.304700
-0.582100 -0.754000 0.304300
-0.878400 0.368500 0.304300
-0.878500 0.367900 0.304800
-0.367900 -0.878500 0.304800
-0.368500 -0.878400 0.304300
0.125700 -0.944100 0.304700
0.582100 -0.753900 0.304700
0.944100 0.125700 0.304700
0.581800 0.754100 0.304700
0.368500 0.878400 0.304300
-0.125700 0.944100 0.304700
-0.581900 0.754200 0.304400
-0.944200 0.125700 0.304500
-0.562900 0.075000 0.823100
-0.754000 0.582100 0.304300
-0.368000 0.878600 0.304400
0.125700 0.944200 0.304500
0.753900 0.582100 0.304700
0.347200 0.449700 0.822900
0.878600 0.368000 0.304400
0.562900 0.075100 0.823100
0.522900 -0.219900 0.823500
0.754000 -0.582100 0.304300
0.368000 -0.878600 0.304400
-0.014500 -0.034500 0.999300
-0.125700 -0.944200 0.304500
-0.347200 -0.449700 0.822900
-0.753900 -0.582100 0.304700
-0.878600 -0.368000 0.304400
-0.562900 -0.075100 0.823100
0.535000 -0.224900 0.814400
-0.049200 0.083800 0.995300
-0.070000 0.070200 0.995100
-0.575500 -0.076800 0.814200
-0.238100 -0.333000 0.912400
0.025200 -0.091700 0.995500
-0.535300 -0.225100 0.814100
0.535300 0.225100 0.814100
-0.459300 -0.355100 0.814200
0.000100 -0.094900 0.995500
0.238100 0.333000 0.912400
0.049200 -0.083800 0.995300
0.070000 -0.070200 0.995100
-0.354900 -0.459200 0.814400
-0.000100 0.094900 0.995500
-0.575400 0.076800 0.814300
-0.535000 0.224900 0.814400
0.354900 0.459200 0.814400
0.025000 0.091500 0.995500
-0.025200 0.091700 0.995500
0.575400 -0.076800 0.814300
0.575500 0.076800 0.814200
-0.025000 -0.091500 0.995500
0.534600 -0.227300 0.813900
0.459300 0.355100 0.814200
0.533900 0.227000 0.814500
-0.356300 -0.458500 0.814100
-0.575200 -0.077600 0.814300
0.575200 0.077600 0.814300
0.368200 -0.174200 0.913300
0.575500 -0.077600 0.814100
-0.534600 0.227300 0.813900
-0.368200 0.174200 0.913300
-0.458100 -0.356000 0.814500
0.356300 0.458500 0.814100
-0.575500 0.077600 0.814100
0.458100 0.356000 0.814500
-0.533900 -0.227000 0.814500
0.797900 -0.000000 0.602800
0.169700 0.298700 0.939100
0.564500 0.564500 0.602300
-0.001500 0.323000 0.946400
-0.084000 0.312000 0.946400
-0.305600 0.185400 0.933900
-0.385000 0.003900 0.922900
-0.769400 0.211300 0.602800
-0.797900 -0.000000 0.602800
-0.381600 -0.101600 0.918800
-0.209000 -0.353200 0.911900
-0.564500 -0.564500 0.602300
-0.000200 -0.415300 0.909700
0.110200 -0.400400 0.909700
0.351500 -0.204600 0.913600
0.388500 -0.104200 0.915500
0.769400 -0.211300 0.602800
0.248700 0.255600 0.934200
0.317900 0.192100 0.928500
0.688100 0.404400 0.602500
0.083900 0.320600 0.943500
-0.238200 0.245000 0.939800
-0.163800 0.286700 0.943900
-0.347100 -0.201200 0.916000
-0.769400 -0.211300 0.602800
-0.358200 0.103200 0.927900
-0.287900 -0.285500 0.914100
-0.688100 -0.404400 0.602500
0.209800 -0.355700 0.910800
-0.110400 -0.399100 0.910300
0.290300 -0.288700 0.912300
0.769400 0.211300 0.602800
264
3 0 1 2 0 1 2 1
3 3 4 5 3 3 3 1
3 6 7 8 4 5 6 1
3 9 10 11 7 7 7 1
3 12 13 14 8 8 8 1
3 15 16 17 9 9 9 1
3 18 7 6 10 10 10 1
3 16 15 19 11 11 11 1
3 20 21 5 12 12 12 1
3 22 23 24 13 13 13 1
3 25 26 27 14 14 14 1
3 26 25 28 15 15 15 1
3 29 19 24 16 16 16 1
3 30 31 27 17 17 17 1
3 32 8 33 18 6 19 1
3 34 35 36 20 20 20 1
3 37 36 35 21 21 21 1
3 38 12 39 22 22 22 1
3 40 41 11 23 23 23 1
3 42 14 13 24 24 24 1
3 43 44 45 25 25 25 1
3 46 45 44 26 26 26 1
3 47 43 48 27 27 27 1
3 3 46 4 3 3 3 1
3 49 47 48 27 27 27 1
3 50 20 51 28 28 28 1
3 28 50 51 28 28 28 1
3 49 48 41 29 29 29 1
3 40 49 41 29 29 29 1
3 9 42 10 7 7 7 1
3 12 38 13 8 8 8 1
3 32 6 8 18 4 6 1
3 18 37 7 10 10 10 1
3 34 15 17 9 9 9 1
3 29 16 19 11 11 11 1
3 22 30 23 13 13 13 1
3 27 31 25 14 14 14 1
3 4 20 5 12 12 12 1
3 51 26 28 15 15 15 1
3 30 22 31 17 17 17 1
3 23 29 24 16 16 16 1
3 37 18 36 21 21 21 1
3 39 32 33 30 18 19 1
3 33 38 39 22 22 22 1
3 42 9 14 24 24 24 1
3 10 40 11 23 23 23 1
3 43 47 44 25 25 25 1
3 46 3 45 26 26 26 1
3 34 17 35 20 20 20 1
3 52 53 54 31 32 33 1
3 55 56 57 34 35 36 1
3 58 59 60 37 37 37 1
3 61 62 63 38 38 38 1
3 63 64 61 39 40 41 1
3 65 66 67 42 42 42 1
3 68 67 66 43 43 43 1
3 69 70 71 44 44 44 1
3 72 73 74 45 45 45 1
3 75 64 76 46 40 47 1
3 77 78 79 48 49 50 1
3 80 81 82 51 52 53 1
3 83 84 85 54 54 54 1
3 86 87 88 5 55 56 1
3 89 90 91 57 57 57 1
3 92 93 94 58 58 58 1
3 95 96 97 59 59 59 1
3 98 87 86 60 60 60 1
3 96 95 99 61 61 61 1
3 100 101 85 62 62 62 1
3 102 103 104 63 63 63 1
3 105 106 107 64 64 64 1
3 106 105 108 65 65 65 1
3 109 110 62 66 66 66 1
3 111 99 104 67 67 67 1
3 112 52 113 68 31 69 1
3 114 115 107 70 70 70 1
3 60 68 116 71 71 71 1
3 117 88 118 6 56 72 1
3 119 53 81 73 32 52 1
3 120 121 122 74 74 74 1
3 123 82 65 75 75 75 1
3 124 122 121 76 76 76 1
3 125 56 126 77 35 78 1
3 127 57 59 79 79 79 1
3 128 92 129 80 80 80 1
3 79 130 131 50 81 82 1
3 132 133 91 83 83 83 1
3 134 71 70 84 84 84 1
3 135 94 93 85 85 85 1
3 136 137 78 86 87 49 1
3 73 138 74 88 88 88 1
3 139 140 141 89 89 89 1
3 142 141 140 90 90 90 1
3 143 139 144 91 91 91 1
3 131 130 145 82 81 92 1
3 55 126 56 34 78 35 1
3 58 127 59 93 93 93 1
3 61 109 62 94 94 94 1
3 63 76 64 39 47 40 1
3 113 52 54 69 31 33 1
3 123 65 67 95 95 95 1
3 116 68 66 96 96 96 1
3 72 69 71 97 97 97 1
3 69 72 74 98 98 98 1
3 77 136 78 48 86 49 1
3 80 119 81 51 73 52 1
3 83 142 84 99 99 99 1
3 146 143 144 100 100 100 1
3 147 100 148 101 101 101 1
3 108 147 148 102 102 102 1
3 146 144 133 103 103 103 1
3 132 146 133 104 104 104 1
3 89 135 90 105 105 105 1
3 92 128 93 106 106 106 1
3 117 86 88 6 5 56 1
3 98 124 87 107 107 107 1
3 120 95 97 108 108 108 1
3 111 96 99 109 109 109 1
3 102 114 103 110 110 110 1
3 107 115 105 111 111 111 1
3 84 100 85 112 112 112 1
3 109 134 110 113 113 113 1
3 148 106 108 114 114 114 1
3 112 75 76 68 46 47 1
3 114 102 115 115 115 115 1
3 75 112 113 46 68 69 1
3 103 111 104 116 116 116 1
3 119 54 53 73 33 32 1
3 120 97 121 117 117 117 1
3 123 80 82 118 118 118 1
3 124 98 122 119 119 119 1
3 58 60 116 120 120 120 1
3 127 55 57 121 121 121 1
3 129 117 118 19 6 72 1
3 145 125 126 92 77 78 1
3 118 128 129 122 122 122 1
3 77 79 131 48 50 82 1
3 135 89 94 123 123 123 1
3 136 138 137 86 124 87 1
3 90 132 91 125 125 125 1
3 73 137 138 126 126 126 1
3 139 143 140 127 127 127 1
3 142 83 141 128 128 128 1
3 110 134 70 129 129 129 1
3 130 125 145 81 77 92 1
3 149 150 151 130 130 130 1
3 152 153 154 68 47 131 1
3 153 151 155 47 39 132 1
3 156 157 158 133 133 133 1
3 159 160 161 86 134 124 1
3 162 163 164 92 135 82 1
3 157 165 166 136 136 136 1
3 167 168 169 137 137 137 1
3 165 170 171 138 138 138 1
3 164 172 173 82 139 48 1
3 174 175 176 53 52 140 1
3 177 178 162 78 141 92 1
3 179 180 177 34 142 78 1
3 170 174 181 143 143 143 1
3 182 183 184 32 31 144 1
3 185 156 186 145 145 145 1
3 179 185 187 146 146 146 1
3 161 188 189 147 147 147 1
3 153 155 154 47 132 131 1
3 175 182 190 52 32 148 1
3 152 154 191 68 131 149 1
3 192 193 149 150 150 150 1
3 169 194 192 151 151 151 1
3 173 195 159 48 152 86 1
3 149 193 150 153 153 153 1
3 183 152 191 31 68 149 1
3 189 196 167 154 154 154 1
3 183 191 184 31 149 144 1
3 182 184 190 32 144 148 1
3 167 196 168 155 155 155 1
3 174 176 181 156 156 156 1
3 173 172 195 48 139 152 1
3 157 166 158 157 157 157 1
3 175 190 176 52 148 140 1
3 169 168 194 158 158 158 1
3 162 178 163 92 141 135 1
3 179 187 180 34 159 142 1
3 192 194 193 160 160 160 1
3 159 195 160 86 152 134 1
3 177 180 178 78 142 141 1
3 185 186 187 161 161 161 1
3 151 150 155 39 162 132 1
3 170 181 171 163 163 163 1
3 161 160 188 164 164 164 1
3 164 163 172 82 135 139 1
3 156 158 186 165 165 165 1
3 189 188 196 166 166 166 1
3 165 171 166 167 167 167 1
3 197 198 199 0 2 168 1
3 200 201 202 169 170 140 1
3 203 204 205 171 148 144 1
3 206 203 205 172 171 144 1
3 207 208 209 173 132 162 1
3 210 211 212 174 175 176 1
3 213 210 212 177 174 176 1
3 214 215 216 178 179 134 1
3 217 218 219 180 152 139 1
3 220 217 219 181 180 139 1
3 221 222 223 182 142 159 1
3 224 223 225 183 159 184 1
3 226 227 228 185 186 187 1
3 229 202 204 188 140 148 1
3 230 231 232 189 190 131 1
3 233 213 234 191 177 192 1
3 235 209 211 193 162 175 1
3 236 233 237 194 191 195 1
3 238 220 239 196 181 135 1
3 240 216 218 197 134 152 1
3 241 238 242 198 196 141 1
3 227 197 243 186 0 199 1
3 198 225 199 2 184 168 1
3 244 1 245 196 1 181 1
3 246 1 247 178 1 194 1
3 248 249 250 1 188 171 1
3 251 1 252 194 1 191 1
3 253 1 254 191 1 177 1
3 255 1 256 177 1 174 1
3 257 1 258 174 1 193 1
3 259 260 261 171 172 1 1
3 262 263 261 172 190 1 1
3 264 1 265 181 1 180 1
3 266 1 267 180 1 197 1
3 268 1 269 197 1 178 1
3 270 1 271 2 1 183 1
3 272 1 273 183 1 182 1
3 274 1 275 182 1 198 1
3 276 1 277 198 1 196 1
3 278 279 280 1 169 188 1
3 281 1 282 169 1 185 1
3 283 1 284 185 1 186 1
3 285 1 286 186 1 0 1
3 287 1 288 193 1 173 1
3 289 1 290 173 1 189 1
3 291 1 292 189 1 190 1
3 228 227 243 187 186 199 1
3 200 226 201 169 185 170 1
3 203 229 204 171 188 148 1
3 232 231 293 131 190 149 1
3 207 230 208 173 189 132 1
3 210 235 211 174 193 175 1
3 237 233 234 195 191 192 1
3 214 236 215 178 194 179 1
3 217 240 218 180 197 152 1
3 242 238 239 141 196 135 1
3 221 241 222 182 198 142 1
3 224 221 223 183 182 159 1
3 243 197 199 199 0 168 1
3 201 226 228 170 185 187 1
3 229 200 202 188 169 140 1
3 293 206 205 149 172 144 1
3 208 230 232 132 189 131 1
3 235 207 209 193 173 162 1
3 234 213 212 192 177 176 1
3 215 236 237 179 194 195 1
3 240 214 216 197 178 134 1
3 239 220 219 135 181 139 1
3 222 241 242 142 198 141 1
3 198 224 225 2 183 184 1
3 231 206 293 190 172 149 1
"shine" 0 2
51
0 0.000001 10.665268 -0.900000 0.740710 0.538499 -1
0 2.823715 10.284325 -0.900000 0.700170 0.538499 -1
0 5.370053 19.582975 7.121667 0.700170 0.700314 -1
0 0.041214 20.294289 7.121667 0.740710 0.700314 -1
0 -5.287627 19.582973 7.121667 0.781250 0.700314 -1
0 -2.823716 10.284325 -0.900000 0.781250 0.538499 -1
0 -14.324568 14.343789 7.121668 0.860690 0.700314 -1
0 -17.480896 10.260371 7.121668 0.899607 0.700314 -1
0 -9.162034 5.450302 -0.900000 0.899607 0.538499 -1
0 -7.534754 7.544270 -0.900000 0.860690 0.538499 -1
0 17.563324 10.260374 7.121668 0.581813 0.700314 -1
0 9.162033 5.450304 -0.900000 0.581813 0.538499 -1
0 10.274806 2.833234 -0.900000 0.541761 0.538499 -1
0 19.646179 5.306849 7.121668 0.541291 0.700314 -1
0 -14.324562 -14.387774 7.121670 0.140814 0.700314 -1
0 -10.241147 -17.544104 7.121670 0.179732 0.700314 -1
0 -5.440781 -9.152516 -0.899999 0.179686 0.538499 -1
0 -7.534749 -7.525238 -0.899999 0.140858 0.538499 -1
0 -10.241151 17.500116 7.121667 0.821771 0.700314 -1
0 -5.440785 9.171552 -0.900000 0.821771 0.538499 -1
0 10.323582 -17.544102 7.121670 0.341854 0.700314 -1
0 5.440787 -9.152514 -0.899999 0.341795 0.538499 -1
0 2.823716 -10.265287 -0.899999 0.301025 0.538499 -1
0 5.370057 -19.626963 7.121670 0.301333 0.700314 -1
0 -0.000003 -10.646231 -0.899999 0.261226 0.538499 -1
0 0.041215 -20.338274 7.121670 0.260793 0.700314 -1
0 14.406997 -14.387772 7.121670 0.380772 0.700314 -1
0 17.563324 -10.304354 7.121670 0.419690 0.700314 -1
0 9.162035 -5.431265 -0.899999 0.419690 0.538499 -1
0 7.534755 -7.525233 -0.899999 0.380772 0.538499 -1
0 10.655749 0.009516 -0.900000 0.500752 0.538499 -1
0 10.274805 -2.814197 -0.899999 0.460211 0.538499 -1
0 19.646183 -5.350832 7.121669 0.460211 0.700314 -1
0 20.357498 -0.021992 7.121669 0.500752 0.700314 -1
0 14.406995 14.343791 7.121668 0.620731 0.700314 -1
0 10.323576 17.500118 7.121667 0.659649 0.700314 -1
0 5.440783 9.171554 -0.900000 0.659649 0.538499 -1
0 7.534752 7.544272 -0.900000 0.620731 0.538499 -1
0 -10.655749 0.009520 -0.900000 0.020707 0.538499 -1
0 -20.275066 -0.021992 7.121669 0.020835 0.700314 -1
0 -19.563755 -5.350833 7.121669 0.061375 0.700314 -1
0 -10.274805 -2.814199 -0.899999 0.061171 0.538499 -1
0 -10.655749 0.009520 -0.900000 0.980668 0.538499 -1
0 -10.274805 2.833234 -0.900000 0.940129 0.538499 -1
0 -19.563755 5.306848 7.121668 0.940129 0.700314 -1
0 -20.275066 -0.021992 7.121669 0.980668 0.700314 -1
0 -9.162032 -5.431270 -0.899999 0.102030 0.538499 -1
0 -17.480892 -10.304358 7.121670 0.101896 0.700314 -1
0 -2.823716 -10.265287 -0.899999 0.220456 0.538499 -1
0 -5.287625 -19.626963 7.121670 0.220253 0.700314 -1
0 -10.274805 -2.814199 -0.899999 0.061260 0.538499 -1
45
0.000200 -0.640000 0.768400
-0.168300 -0.617000 0.768800
-0.168300 -0.616900 0.768800
-0.000200 -0.640000 0.768400
0.168300 -0.617800 0.768100
0.168900 -0.617700 0.768100
0.453300 -0.453300 0.767500
0.553300 -0.323400 0.767600
0.553100 -0.323800 0.767600
-0.551000 -0.321900 0.769900
-0.550600 -0.322500 0.769900
-0.614900 -0.168200 0.770400
-0.615100 -0.167500 0.770400
0.451900 0.452200 0.769000
0.322100 0.551500 0.769500
0.322800 0.551000 0.769500
0.452200 0.451900 0.769000
0.323300 -0.553200 0.767700
0.323800 -0.553000 0.767700
-0.321500 0.549900 0.770900
-0.321700 0.549800 0.770900
-0.167700 0.614600 0.770800
-0.167700 0.614700 0.770800
0.000200 0.637500 0.770500
-0.000200 0.637500 0.770500
-0.450400 0.450400 0.770900
-0.549800 0.321400 0.771000
-0.549700 0.321700 0.771000
-0.637100 -0.000100 0.770800
-0.614400 0.167700 0.771000
-0.614400 0.167500 0.771000
-0.637100 0.000100 0.770800
-0.451800 -0.451500 0.769400
-0.322700 -0.551700 0.769100
-0.322600 -0.551700 0.769100
-0.451500 -0.451800 0.769400
0.640300 -0.000200 0.768100
0.640300 0.000100 0.768100
0.617400 0.168400 0.768400
0.618000 -0.168900 0.767900
0.618100 -0.168400 0.767900
0.552200 0.322900 0.768700
0.552100 0.322900 0.768700
0.168300 0.615400 0.770100
0.167600 0.615600 0.770100
48
0 0 1 2 0 1 2 1
0 0 2 3 0 2 3 1
0 0 3 4 0 3 4 1
0 0 4 5 0 4 5 1
0 6 7 8 6 7 8 1
0 6 8 9 6 8 6 1
0 10 11 12 9 10 11 1
0 10 12 13 9 11 12 1
0 14 15 16 13 14 15 1
0 14 16 17 13 15 16 1
0 18 19 5 17 18 5 1
0 18 5 4 17 5 4 1
0 20 21 22 19 20 21 1
0 20 22 23 19 21 22 1
0 24 25 23 23 24 22 1
0 24 23 22 23 22 21 1
0 26 27 28 25 26 27 1
0 26 28 29 25 27 25 1
0 30 31 32 28 29 30 1
0 30 32 33 28 30 31 1
0 30 33 13 28 31 12 1
0 30 13 12 28 12 11 1
0 34 35 36 32 33 34 1
0 34 36 37 32 34 35 1
0 19 18 6 18 17 6 1
0 19 6 9 18 6 6 1
0 1 36 35 1 34 33 1
0 1 35 2 1 33 2 1
0 38 39 40 36 37 38 1
0 38 40 41 36 38 38 1
0 42 43 44 36 39 40 1
0 42 44 45 36 40 37 1
0 43 8 7 39 8 7 1
0 43 7 44 39 7 40 1
0 46 47 14 41 42 13 1
0 46 14 17 41 13 16 1
0 24 48 49 23 43 44 1
0 24 49 25 23 44 24 1
0 48 16 15 43 15 14 1
0 48 15 49 43 14 44 1
0 21 20 26 20 19 25 1
0 21 26 29 20 25 25 1
0 31 28 27 29 27 26 1
0 31 27 32 29 26 30 1
0 47 46 50 42 41 38 1
0 47 50 40 42 38 38 1
0 10 34 37 9 32 35 1
0 10 37 11 9 35 10 1
"checkerboard" 0 1
48
3 -17.500116 -10.241152 7.210833 -4.192799 3.256532 -1
3 -9.162032 -5.431270 -0.810834 -1.959633 1.968314 -1
3 -10.274805 -2.814199 -0.810834 -2.257664 1.267392 -1
3 -19.582973 -5.287628 7.210833 -4.750645 1.929842 -1
3 -10.655749 0.009520 -0.810834 -2.359692 0.511123 -1
3 -20.294289 0.041213 7.210833 -4.941154 0.502634 -1
3 -14.343788 -14.324569 7.210835 -3.347449 4.350183 -1
3 -10.260370 -17.480896 7.210835 -2.253797 5.195532 -1
3 -5.440781 -9.152516 -0.810833 -0.962982 2.964966 -1
3 -7.534749 -7.525238 -0.810833 -1.523803 2.529137 -1
3 -10.260375 17.563324 7.210834 -2.253800 -4.190266 -1
3 -5.440785 9.171552 -0.810835 -0.962983 -1.942719 -1
3 -2.823716 10.284325 -0.810835 -0.262060 -2.240750 -1
3 -5.306849 19.646179 7.210834 -0.927110 -4.748108 -1
3 14.387775 -14.324561 7.210835 4.347648 4.350181 -1
3 17.544104 -10.241146 7.210836 5.192997 3.256530 -1
3 9.162035 -5.431265 -0.810833 2.948050 1.968313 -1
3 7.534755 -7.525233 -0.810833 2.512222 2.529136 -1
3 -14.343792 14.406994 7.210834 -3.347450 -3.344914 -1
3 -7.534754 7.544270 -0.810835 -1.523804 -1.506889 -1
3 17.544102 10.323583 7.210836 5.192997 -2.251265 -1
3 9.162033 5.450304 -0.810834 2.948050 -0.946067 -1
3 10.274806 2.833234 -0.810834 3.246081 -0.245145 -1
3 19.626963 5.370058 7.210836 5.750845 -0.924574 -1
3 10.655749 0.009516 -0.810834 3.348107 0.511124 -1
3 20.338274 0.041216 7.210836 5.941354 0.502634 -1
3 14.387771 14.406998 7.210835 4.347645 -3.344915 -1
3 10.304353 17.563324 7.210835 3.253995 -4.190265 -1
3 5.440783 9.171554 -0.810835 1.951399 -1.942719 -1
3 7.534752 7.544272 -0.810834 2.512222 -1.506889 -1
3 0.000001 10.665268 -0.810835 0.494207 -2.342776 -1
3 2.823715 10.284325 -0.810835 1.250477 -2.240750 -1
3 5.350831 19.646183 7.210835 1.927307 -4.748112 -1
3 0.021991 20.357498 7.210835 0.500098 -4.938622 -1
3 -17.500118 10.323575 7.210833 -4.192799 -2.251263 -1
3 -9.162034 5.450302 -0.810834 -1.959634 -0.946066 -1
3 -10.274805 2.833234 -0.810834 -2.257664 -0.245146 -1
3 -19.582975 5.370052 7.210833 -4.750646 -0.924574 -1
3 -0.000003 -10.646231 -0.810833 0.494208 3.365023 -1
3 -2.823716 -10.265287 -0.810833 -0.262060 3.262997 -1
3 -5.306847 -19.563755 7.210834 -0.927110 5.753379 -1
3 0.021993 -20.275066 7.210835 0.500098 5.943889 -1
3 5.440787 -9.152514 -0.810833 1.951399 2.964965 -1
3 10.304359 -17.480892 7.210835 3.253996 5.195533 -1
3 10.274805 -2.814197 -0.810833 3.246081 1.267392 -1
3 19.626963 -5.287624 7.210836 5.750845 1.929842 -1
3 2.823716 -10.265287 -0.810833 1.250477 3.262997 -1
3 5.350834 -19.563755 7.210835 1.927307 5.753379 -1
45
0.552800 0.323000 0.768200
0.552500 0.323500 0.768200
0.617200 0.168700 0.768500
0.617400 0.168200 0.768500
0.639600 0.000200 0.768700
0.639600 -0.000100 0.768700
0.452900 0.452900 0.768000
0.323100 0.552900 0.768100
0.323500 0.552700 0.768100
0.322000 -0.551100 0.769800
0.322500 -0.550700 0.769800
0.168200 -0.615200 0.770200
0.167600 -0.615400 0.770200
-0.452100 0.451900 0.769000
-0.551500 0.322200 0.769400
-0.551200 0.322800 0.769400
-0.451900 0.452200 0.769000
0.451600 -0.451800 0.769400
0.451800 -0.451500 0.769400
-0.550400 -0.321800 0.770400
-0.550200 -0.322000 0.770400
-0.615100 -0.167900 0.770400
-0.615100 -0.167800 0.770400
-0.637900 0.000200 0.770100
-0.637900 -0.000100 0.770100
-0.450800 -0.450800 0.770400
-0.321600 -0.550300 0.770600
-0.322000 -0.550100 0.770600
0.000100 -0.637500 0.770500
-0.167900 -0.614800 0.770600
-0.167600 -0.614900 0.770600
-0.000100 -0.637500 0.770500
0.551600 -0.322600 0.769200
0.616700 -0.168300 0.769000
0.616700 -0.168200 0.769000
0.000100 0.640000 0.768400
0.168700 0.617500 0.768200
0.168300 0.617600 0.768200
-0.000100 0.640000 0.768400
-0.322900 0.552000 0.768800
-0.322800 0.552000 0.768800
-0.615600 0.168300 0.769800
-0.615800 0.167700 0.769800
-0.168400 0.617100 0.768600
-0.168300 0.617200 0.768600
48
3 0 1 2 0 1 2 1
3 0 2 3 0 2 3 1
3 4 5 3 4 5 3 1
3 4 3 2 4 3 2 1
3 6 7 8 6 7 8 1
3 6 8 9 6 8 6 1
3 10 11 12 9 10 11 1
3 10 12 13 9 11 12 1
3 14 15 16 13 14 15 1
3 14 16 17 13 15 16 1
3 10 18 19 9 17 18 1
3 10 19 11 9 18 10 1
3 20 21 22 19 20 21 1
3 20 22 23 19 21 22 1
3 24 25 23 23 24 22 1
3 24 23 22 23 22 21 1
3 26 27 28 25 26 27 1
3 26 28 29 25 27 25 1
3 30 31 32 28 29 30 1
3 30 32 33 28 30 31 1
3 30 33 13 28 31 12 1
3 30 13 12 28 12 11 1
3 18 34 35 17 32 32 1
3 18 35 19 17 32 18 1
3 4 36 37 4 33 34 1
3 4 37 5 4 34 5 1
3 36 35 34 33 32 32 1
3 36 34 37 33 32 34 1
3 1 0 6 1 0 6 1
3 1 6 9 1 6 6 1
3 38 39 40 35 36 37 1
3 38 40 41 35 37 38 1
3 39 8 7 36 8 7 1
3 39 7 40 36 7 37 1
3 42 43 14 39 40 13 1
3 42 14 17 39 13 16 1
3 24 44 45 23 41 42 1
3 24 45 25 23 42 24 1
3 44 16 15 41 15 14 1
3 44 15 45 41 14 42 1
3 21 20 26 20 19 25 1
3 21 26 29 20 25 25 1
3 31 28 27 29 27 26 1
3 31 27 32 29 26 30 1
3 43 42 46 40 39 43 1
3 43 46 47 40 43 44 1
3 38 41 47 35 38 44 1
3 38 47 46 35 44 43 1


Materials: 3
"default"
0.000000 0.000000 0.000000 1.000000
1.000000 1.000000 1.000000 1.000000
1.000000 1.000000 1.000000 1.000000
0.000000 0.000000 0.000000 1.000000
0.000000
1.000000
"_mine tex.png"
""
"checkerboard"
0.000000 0.000000 0.000000 1.000000
1.000000 1.000000 1.000000 1.000000
1.000000 1.000000 1.000000 1.000000
0.000000 0.000000 0.000000 1.000000
0.000000
1.000000
"_mine checkerboard.png"
""
"shine"
0.000000 0.000000 0.000000 1.000000
1.000000 1.000000 1.000000 1.000000
1.000000 1.000000 1.000000 1.000000
0.000000 0.000000 0.000000 1.000000
0.000000
1.000000
"_mine ani tex.ini"
""

Bones: 0
GroupComments: 0
MaterialComments: 0
BoneComments: 0
ModelComment: 0
