// MilkShape 3D ASCII

Frames: 30
Frame: 1

Meshes: 1
"default" 0 0
48
0 -11.663261 -3.192455 7.500001 0.296487 0.555933 -1
0 -11.764267 0.008869 7.500000 0.294728 0.500190 -1
0 -28.034870 0.020627 -0.944000 0.035038 0.500000 -1
0 -27.059666 -7.312851 -0.943998 0.051197 0.621512 -1
0 3.116266 -11.333912 7.500002 0.553836 0.697696 -1
0 -0.000953 -11.754451 7.500002 0.499557 0.705019 -1
0 0.026512 -28.040749 -0.943996 0.500000 0.964962 -1
0 7.359991 -27.065546 -0.943996 0.621512 0.948803 -1
0 8.316975 -8.309053 7.500002 0.644394 0.645026 -1
0 6.005359 -10.105474 7.500002 0.604143 0.676306 -1
0 14.184063 -24.207548 -0.943996 0.734583 0.901448 -1
0 19.868900 -19.821760 -0.943996 0.828778 0.828778 -1
0 11.341830 3.126082 7.500000 0.697064 0.445911 -1
0 11.762368 0.008864 7.500000 0.704387 0.500190 -1
0 28.087883 0.020630 -0.944000 0.964962 0.500000 -1
0 27.112682 7.354107 -0.944002 0.948803 0.378488 -1
0 3.116265 11.351647 7.499998 0.553836 0.302683 -1
0 6.005353 10.123214 7.499998 0.604143 0.324073 -1
0 14.184055 24.248814 -0.944004 0.734583 0.098552 -1
0 7.359985 27.106808 -0.944004 0.621512 0.051197 -1
0 -3.118165 11.351647 7.499998 0.445279 0.302683 -1
0 -0.000948 11.772184 7.499998 0.499557 0.295360 -1
0 0.026506 28.082006 -0.944004 0.500000 0.035038 -1
0 -7.306973 27.106808 -0.944004 0.378488 0.051197 -1
0 -10.115294 6.015170 7.500000 0.323441 0.395604 -1
0 -8.318872 8.326788 7.499999 0.354721 0.355353 -1
0 -19.815880 19.863018 -0.944004 0.171222 0.171222 -1
0 -24.201675 14.178177 -0.944002 0.098552 0.265417 -1
0 8.316972 8.326791 7.499999 0.644394 0.355353 -1
0 10.113394 6.015172 7.500000 0.675674 0.395604 -1
0 24.254684 14.178177 -0.944002 0.901448 0.265417 -1
0 19.868896 19.863022 -0.944004 0.828778 0.171222 -1
0 10.113397 -5.997437 7.500001 0.675674 0.604775 -1
0 24.254690 -14.136917 -0.943998 0.901448 0.734583 -1
0 -3.118165 -11.333911 7.500002 0.445279 0.697696 -1
0 -7.306968 -27.065548 -0.943996 0.378488 0.948803 -1
0 -8.318868 -8.309057 7.500002 0.354721 0.645026 -1
0 -10.397499 -6.169331 7.500001 0.318527 0.607768 -1
0 -24.201672 -14.136922 -0.943998 0.098552 0.734583 -1
0 -19.853188 -19.773411 -0.943996 0.170604 0.827976 -1
0 -6.007251 -10.105478 7.500002 0.394972 0.676306 -1
0 -14.131037 -24.207552 -0.943996 0.265417 0.901448 -1
0 -11.343727 3.126082 7.500000 0.302051 0.445911 -1
0 -27.059668 7.354106 -0.944002 0.051197 0.378488 -1
0 11.516886 -3.144951 7.500001 0.700112 0.555106 -1
0 27.112684 -7.312850 -0.943998 0.948803 0.621512 -1
0 -6.007255 10.123211 7.499998 0.394972 0.324073 -1
0 -14.131042 24.248812 -0.944004 0.265417 0.098552 -1
48
-0.451300 -0.113900 0.885100
-0.463000 0.008400 0.886300
-0.463100 0.007000 0.886300
-0.450900 -0.115300 0.885100
0.120800 -0.443900 0.887900
-0.000100 -0.460200 0.887800
0.000100 -0.460200 0.887800
0.120700 -0.443900 0.887900
0.325200 -0.325300 0.887900
0.232000 -0.397200 0.887900
0.231800 -0.397300 0.887900
0.325300 -0.325200 0.887900
0.443100 0.120700 0.888300
0.460700 0.004600 0.887500
0.460700 0.003800 0.887500
0.443200 0.120400 0.888300
0.120700 0.443400 0.888200
0.231800 0.396800 0.888200
0.231500 0.397000 0.888200
0.120500 0.443400 0.888200
-0.120900 0.443700 0.888000
-0.000100 0.459700 0.888100
0.000100 0.459700 0.888100
-0.120500 0.443800 0.888000
-0.397600 0.232200 0.887700
-0.325600 0.325500 0.887700
-0.325500 0.325600 0.887700
-0.397700 0.232000 0.887700
0.324900 0.325000 0.888100
0.396700 0.231700 0.888200
0.396900 0.231400 0.888200
0.325000 0.325000 0.888100
0.395800 -0.236500 0.887400
0.396400 -0.235400 0.887400
-0.121000 -0.444100 0.887700
-0.120700 -0.444300 0.887700
-0.321600 -0.333800 0.886100
-0.397200 -0.242800 0.885000
-0.398500 -0.240800 0.885000
-0.322900 -0.332700 0.886000
-0.232700 -0.397600 0.887600
-0.232300 -0.397800 0.887600
-0.444300 0.121000 0.887700
-0.444300 0.120800 0.887700
0.444400 -0.121000 0.887600
0.444500 -0.120700 0.887600
-0.232200 0.397300 0.887800
-0.231800 0.397500 0.887800
48
0 0 1 2 0 1 2 1
0 0 2 3 0 2 3 1
0 4 5 6 4 5 6 1
0 4 6 7 4 6 7 1
0 8 9 10 8 9 10 1
0 8 10 11 8 10 11 1
0 12 13 14 12 13 14 1
0 12 14 15 12 14 15 1
0 16 17 18 16 17 18 1
0 16 18 19 16 18 19 1
0 20 21 22 20 21 22 1
0 20 22 23 20 22 23 1
0 24 25 26 24 25 26 1
0 24 26 27 24 26 27 1
0 21 16 19 21 16 19 1
0 21 19 22 21 19 22 1
0 28 29 30 28 29 30 1
0 28 30 31 28 30 31 1
0 32 8 11 32 8 11 1
0 32 11 33 32 11 33 1
0 5 34 35 5 34 35 1
0 5 35 6 5 35 6 1
0 36 37 38 36 37 38 1
0 36 38 39 36 38 39 1
0 40 36 39 40 36 39 1
0 40 39 41 40 39 41 1
0 42 24 27 42 24 27 1
0 42 27 43 42 27 43 1
0 34 40 41 34 40 41 1
0 34 41 35 34 41 35 1
0 13 44 45 13 44 45 1
0 13 45 14 13 45 14 1
0 17 28 31 17 28 31 1
0 17 31 18 17 31 18 1
0 25 46 47 25 46 47 1
0 25 47 26 25 47 26 1
0 46 20 23 46 20 23 1
0 46 23 47 46 23 47 1
0 29 12 15 29 12 15 1
0 29 15 30 29 15 30 1
0 44 32 33 44 32 33 1
0 44 33 45 44 33 45 1
0 9 4 7 9 4 7 1
0 9 7 10 9 7 10 1
0 37 0 3 37 0 3 1
0 37 3 38 37 3 38 1
0 1 42 43 1 42 43 1
0 1 43 2 1 43 2 1

Materials: 1
"Material01"
1.000000 1.000000 1.000000 1.000000
0.800000 0.800000 0.800000 1.000000
0.000000 0.000000 0.000000 1.000000
0.000000 0.000000 0.000000 1.000000
0.192000
1.000000
"textures/maimai_32nd.png"
""

Bones: 0
GroupComments: 0
MaterialComments: 0
BoneComments: 0
ModelComment: 0
