// MilkShape 3D ASCII

Frames: 30
Frame: 1

Meshes: 6
"default" 0 2
100
0 -7.741809 28.335169 7.471517 0.020659 0.040012 -1
0 -0.143973 29.889660 2.556628 0.020659 0.036535 -1
0 -8.624650 28.917635 5.597998 0.020659 0.039703 -1
0 -0.143973 -29.596674 2.556633 0.018151 0.275166 -1
0 -0.143973 -30.316202 0.000002 0.018151 0.275166 -1
0 29.472946 -0.699284 0.000000 0.018151 0.275166 -1
0 28.753418 -0.699284 2.556629 0.018151 0.275166 -1
0 18.119793 9.934340 2.556628 0.018151 0.275166 -1
0 18.119793 10.653868 -0.000001 0.018151 0.275166 -1
0 -0.143973 -7.609898 0.000001 0.018151 0.275166 -1
0 -0.143973 -8.329426 2.556631 0.018151 0.275166 -1
0 -18.407738 10.653868 -0.000001 0.018151 0.275166 -1
0 -18.407738 9.934340 2.556628 0.018151 0.275166 -1
0 -29.041363 -0.699284 2.556629 0.018151 0.275166 -1
0 -29.760891 -0.699284 0.000000 0.018151 0.275166 -1
0 -7.741809 5.180540 7.471515 0.056214 0.282508 -1
0 -9.507495 4.447614 2.556600 0.057224 0.313436 -1
0 -0.143973 -4.915908 2.556630 0.037999 0.355162 -1
0 -9.507495 4.447614 2.556600 0.018151 0.275166 -1
0 -0.143973 -5.635437 0.000000 0.018151 0.275166 -1
0 -0.143973 -4.915908 2.556630 0.018151 0.275166 -1
0 -9.507501 29.889664 2.556625 0.018151 0.275166 -1
0 -10.016279 30.398479 0.000000 0.018151 0.275166 -1
0 -10.016279 4.236869 -0.000000 0.018151 0.275166 -1
0 9.219548 4.447614 2.556629 0.018151 0.275166 -1
0 9.728333 4.236869 -0.000000 0.018151 0.275166 -1
0 9.728333 30.398479 0.000000 0.018151 0.275166 -1
0 9.219547 29.889696 2.556628 0.018151 0.275166 -1
0 -0.143973 -4.915908 2.556630 0.039298 0.355162 -1
0 9.219548 4.447614 2.556629 0.039487 0.320483 -1
0 7.453862 5.180540 7.471515 0.039453 0.288683 -1
0 -0.143973 -2.413540 7.471519 0.037950 0.316809 -1
0 -0.143973 -2.413540 7.471519 0.039300 0.316809 -1
0 9.219547 29.889696 2.556628 0.023093 0.199206 -1
0 8.336703 28.917635 5.597988 0.025306 0.185156 -1
0 7.453862 5.180540 7.471515 0.039687 0.288683 -1
0 28.753418 -0.699284 2.556629 0.022010 0.290739 -1
0 18.119793 9.934340 2.556628 0.028480 0.165875 -1
0 18.119793 7.431973 7.471515 0.029415 0.211136 -1
0 -18.407738 7.431973 7.471515 0.060890 0.208409 -1
0 -18.407738 9.934340 2.556628 0.060928 0.163315 -1
0 -29.041363 -0.699284 2.556629 0.061179 0.289294 -1
0 -26.538998 -0.699283 7.471516 0.061012 0.281832 -1
0 -0.143973 -27.094307 7.471519 0.041555 0.438236 -1
0 -0.143973 -29.596674 2.556633 0.041535 0.480774 -1
0 -26.538998 -0.699283 7.471516 0.057011 0.286690 -1
0 -29.041363 -0.699284 2.556629 0.061238 0.294153 -1
0 26.251049 -0.699283 7.471516 0.026245 0.284013 -1
0 -0.143973 -8.329426 2.556631 0.039512 0.273694 -1
0 -18.407738 9.934340 2.556628 0.039232 0.173031 -1
0 -18.407738 7.431973 7.471515 0.039253 0.218125 -1
0 -0.143973 -10.831793 7.471518 0.039512 0.320824 -1
0 18.119793 7.431973 7.471515 0.059661 0.203848 -1
0 18.119793 9.934340 2.556628 0.058725 0.158588 -1
0 -0.143973 -8.329426 2.556631 0.039529 0.268836 -1
0 -0.143973 -10.831793 7.471518 0.039506 0.315965 -1
0 -0.143973 -10.831793 7.471518 0.009959 0.261711 -1
0 -0.143973 -27.094307 7.471519 0.015072 0.262022 -1
0 18.119793 7.431973 7.471515 0.006905 0.172187 -1
0 -18.407738 7.431973 7.471515 0.007010 0.352736 -1
0 -0.143973 -27.094307 7.471519 0.015104 0.261180 -1
0 -0.143973 -10.831793 7.471518 0.009991 0.262573 -1
0 -26.538998 -0.699283 7.471516 0.010954 0.386713 -1
0 -0.143973 -2.413540 7.471519 0.008792 0.266125 -1
0 -7.741809 28.335169 7.471517 0.001704 0.315047 -1
0 -7.741809 5.180540 7.471515 0.007090 0.315272 -1
0 26.251049 -0.699283 7.471516 0.010821 0.137379 -1
0 7.453862 28.335169 7.471517 0.020659 0.040075 -1
0 -0.143973 29.889660 2.556628 0.020659 0.042411 -1
0 5.340158 27.616308 7.471517 0.020659 0.042059 -1
0 -5.628104 27.616308 7.471517 0.020659 0.048211 -1
0 -0.143973 29.889660 2.556628 0.020659 0.040905 -1
0 -7.741809 28.335169 7.471517 0.020659 0.047708 -1
0 1.830488 26.745724 7.471517 0.020659 0.046926 -1
0 -0.143973 29.889660 2.556628 0.020659 0.045762 -1
0 -0.143973 26.548279 7.471517 0.020659 0.047996 -1
0 -0.143973 29.889660 2.556628 0.020659 0.043897 -1
0 -2.118434 26.745726 7.471517 0.020659 0.048211 -1
0 8.336703 28.917635 5.597988 0.020659 0.039395 -1
0 9.219547 29.889696 2.556628 0.020659 0.037502 -1
0 -7.741809 28.335169 7.471517 0.049854 0.174638 -1
0 -8.624650 28.917635 5.597998 0.050489 0.181131 -1
0 -7.741809 5.180540 7.471515 0.049594 0.284938 -1
0 -0.143973 26.548279 7.471517 0.002075 0.265844 -1
0 -2.118434 26.745726 7.471517 0.001709 0.285626 -1
0 -0.143973 29.889660 2.556628 0.018151 0.275166 -1
0 -0.143973 30.398479 -0.000002 0.018151 0.275166 -1
0 7.453862 5.180540 7.471515 0.007106 0.216835 -1
0 7.453862 28.335169 7.471517 0.001720 0.216610 -1
0 -0.143973 29.889660 2.556628 0.020659 0.037744 -1
0 7.453862 28.335169 7.471517 0.020659 0.039735 -1
0 -9.507501 29.889664 2.556625 0.051124 0.187623 -1
0 -9.507495 4.447614 2.556600 0.050603 0.315865 -1
0 7.453862 28.335169 7.471517 0.001718 0.226417 -1
0 5.340158 27.616308 7.471517 0.001717 0.236225 -1
0 -9.507501 29.889664 2.556625 0.020659 0.039395 -1
0 9.219548 4.447614 2.556629 0.038025 0.320483 -1
0 7.453862 28.335169 7.471517 0.025797 0.182314 -1
0 -5.628104 27.616308 7.471517 0.001707 0.295433 -1
0 1.830488 26.745724 7.471517 0.001714 0.255839 -1
37
-0.392300 0.500700 0.771600
-0.000000 0.938000 0.346800
-0.655300 0.621200 0.429700
-0.000000 -0.936800 0.349800
-0.000000 -0.962600 0.270900
0.962600 -0.000000 0.270900
0.936800 -0.000000 0.349800
-0.000000 0.936800 0.349800
-0.000000 0.962600 0.270900
-0.000000 0.924900 0.380200
-0.936800 -0.000000 0.349800
-0.962600 -0.000000 0.270900
-0.596800 -0.247600 0.763200
-0.886300 -0.367100 0.282300
-0.000000 -0.936900 0.349700
-0.667600 0.668600 0.327600
-0.680700 0.680600 0.270900
-0.903200 -0.374100 0.210600
0.886300 -0.367100 0.282300
0.903200 -0.374100 0.210600
0.680700 0.680700 0.270900
0.667600 0.668600 0.327600
0.596800 -0.247600 0.763200
-0.000000 -0.662300 0.749300
0.655300 0.621200 0.429700
-0.000000 0.662300 0.749200
-0.662300 -0.000000 0.749200
-0.000000 -0.662300 0.749200
0.662300 -0.000000 0.749200
-0.000000 0.285600 0.958400
0.392300 0.500700 0.771600
-0.128300 0.411200 0.902500
0.128300 0.411200 0.902500
-0.080200 0.437100 0.895800
-0.000000 0.444100 0.896000
0.080200 0.437100 0.895800
-0.000000 0.980800 0.195200
68
0 0 1 2 0 1 2 1
0 3 4 5 3 4 5 1
0 3 5 6 3 5 6 1
0 7 8 9 7 8 8 1
0 10 9 11 9 8 8 1
0 10 11 12 9 8 7 1
0 6 5 8 6 5 8 1
0 6 8 7 6 8 7 1
0 13 4 3 10 4 3 1
0 12 11 14 7 8 11 1
0 12 14 13 7 11 10 1
0 13 14 4 10 11 4 1
0 7 9 10 7 8 9 1
0 15 16 17 12 13 14 1
0 18 19 20 13 4 14 1
0 21 22 23 15 16 17 1
0 21 23 18 15 17 13 1
0 18 23 19 13 17 4 1
0 24 25 26 18 19 20 1
0 24 26 27 18 20 21 1
0 20 19 25 14 4 19 1
0 20 25 24 14 19 18 1
0 28 29 30 14 18 22 1
0 15 17 31 12 14 23 1
0 32 28 30 23 14 22 1
0 33 34 35 21 24 22 1
0 36 37 38 6 7 25 1
0 39 40 41 25 7 10 1
0 39 41 42 25 10 26 1
0 43 44 36 27 3 6 1
0 45 46 43 26 10 27 1
0 47 36 38 28 6 25 1
0 48 49 50 9 7 25 1
0 51 48 50 29 9 25 1
0 46 44 43 10 3 27 1
0 52 53 54 25 7 9 1
0 52 54 55 25 9 29 1
0 43 36 47 27 6 28 1
0 56 57 58 29 27 25 1
0 59 60 61 25 27 29 1
0 59 62 60 25 26 27 1
0 63 64 65 23 0 12 1
0 57 66 58 27 28 25 1
0 67 68 69 30 1 31 1
0 70 71 72 32 1 0 1
0 73 74 75 33 1 34 1
0 75 76 77 34 1 35 1
0 78 79 1 24 21 1 1
0 69 68 73 31 1 33 1
0 70 77 76 32 35 1 1
0 80 81 82 0 2 12 1
0 63 83 84 23 34 35 1
0 27 26 85 21 20 1 1
0 26 86 85 20 36 1 1
0 85 22 21 1 16 15 1
0 85 86 22 1 36 16 1
0 87 88 63 22 30 23 1
0 78 89 90 24 1 30 1
0 82 91 92 12 15 13 1
0 93 94 63 30 31 23 1
0 2 1 95 2 1 15 1
0 35 96 33 22 18 21 1
0 82 81 91 12 2 15 1
0 35 34 97 22 24 30 1
0 84 98 63 35 32 23 1
0 98 64 63 32 0 23 1
0 63 99 83 23 33 34 1
0 63 94 99 23 31 33 1
"defaultBack" 0 2
100
0 7.741809 28.335169 -7.471517 0.020659 0.040012 -1
0 0.143973 29.889660 -2.556628 0.020659 0.036535 -1
0 8.624650 28.917635 -5.597998 0.020659 0.039703 -1
0 0.143973 -29.596674 -2.556633 0.018151 0.275166 -1
0 0.143973 -30.316202 -0.000002 0.018151 0.275166 -1
0 -29.472946 -0.699284 -0.000000 0.018151 0.275166 -1
0 -28.753418 -0.699284 -2.556629 0.018151 0.275166 -1
0 -18.119793 9.934340 -2.556628 0.018151 0.275166 -1
0 -18.119793 10.653868 0.000001 0.018151 0.275166 -1
0 0.143973 -7.609898 -0.000001 0.018151 0.275166 -1
0 0.143973 -8.329426 -2.556631 0.018151 0.275166 -1
0 18.407738 10.653868 0.000001 0.018151 0.275166 -1
0 18.407738 9.934340 -2.556628 0.018151 0.275166 -1
0 29.041363 -0.699284 -2.556629 0.018151 0.275166 -1
0 29.760891 -0.699284 -0.000000 0.018151 0.275166 -1
0 7.741809 5.180540 -7.471515 0.056214 0.282508 -1
0 9.507495 4.447614 -2.556600 0.057224 0.313436 -1
0 0.143973 -4.915908 -2.556630 0.037999 0.355162 -1
0 9.507495 4.447614 -2.556600 0.018151 0.275166 -1
0 0.143973 -5.635437 -0.000000 0.018151 0.275166 -1
0 0.143973 -4.915908 -2.556630 0.018151 0.275166 -1
0 9.507501 29.889664 -2.556625 0.018151 0.275166 -1
0 10.016279 30.398479 -0.000000 0.018151 0.275166 -1
0 10.016279 4.236869 0.000000 0.018151 0.275166 -1
0 -9.219548 4.447614 -2.556629 0.018151 0.275166 -1
0 -9.728333 4.236869 0.000000 0.018151 0.275166 -1
0 -9.728333 30.398479 -0.000000 0.018151 0.275166 -1
0 -9.219547 29.889696 -2.556628 0.018151 0.275166 -1
0 0.143973 -4.915908 -2.556630 0.039298 0.355162 -1
0 -9.219548 4.447614 -2.556629 0.039487 0.320483 -1
0 -7.453862 5.180540 -7.471515 0.039453 0.288683 -1
0 0.143973 -2.413540 -7.471519 0.037950 0.316809 -1
0 0.143973 -2.413540 -7.471519 0.039300 0.316809 -1
0 -9.219547 29.889696 -2.556628 0.023093 0.199206 -1
0 -8.336703 28.917635 -5.597988 0.025306 0.185156 -1
0 -7.453862 5.180540 -7.471515 0.039687 0.288683 -1
0 -28.753418 -0.699284 -2.556629 0.022010 0.290739 -1
0 -18.119793 9.934340 -2.556628 0.028480 0.165875 -1
0 -18.119793 7.431973 -7.471515 0.029415 0.211136 -1
0 18.407738 7.431973 -7.471515 0.060890 0.208409 -1
0 18.407738 9.934340 -2.556628 0.060928 0.163315 -1
0 29.041363 -0.699284 -2.556629 0.061179 0.289294 -1
0 26.538998 -0.699283 -7.471516 0.061012 0.281832 -1
0 0.143973 -27.094307 -7.471519 0.041555 0.438236 -1
0 0.143973 -29.596674 -2.556633 0.041535 0.480774 -1
0 26.538998 -0.699283 -7.471516 0.057011 0.286690 -1
0 29.041363 -0.699284 -2.556629 0.061238 0.294153 -1
0 -26.251049 -0.699283 -7.471516 0.026245 0.284013 -1
0 0.143973 -8.329426 -2.556631 0.039512 0.273694 -1
0 18.407738 9.934340 -2.556628 0.039232 0.173031 -1
0 18.407738 7.431973 -7.471515 0.039253 0.218125 -1
0 0.143973 -10.831793 -7.471518 0.039512 0.320824 -1
0 -18.119793 7.431973 -7.471515 0.059661 0.203848 -1
0 -18.119793 9.934340 -2.556628 0.058725 0.158588 -1
0 0.143973 -8.329426 -2.556631 0.039529 0.268836 -1
0 0.143973 -10.831793 -7.471518 0.039506 0.315965 -1
0 0.143973 -10.831793 -7.471518 0.009959 0.261711 -1
0 0.143973 -27.094307 -7.471519 0.015072 0.262022 -1
0 -18.119793 7.431973 -7.471515 0.006905 0.172187 -1
0 18.407738 7.431973 -7.471515 0.007010 0.352736 -1
0 0.143973 -27.094307 -7.471519 0.015104 0.261180 -1
0 0.143973 -10.831793 -7.471518 0.009991 0.262573 -1
0 26.538998 -0.699283 -7.471516 0.010954 0.386713 -1
0 0.143973 -2.413540 -7.471519 0.008792 0.266125 -1
0 7.741809 28.335169 -7.471517 0.001704 0.315047 -1
0 7.741809 5.180540 -7.471515 0.007090 0.315272 -1
0 -26.251049 -0.699283 -7.471516 0.010821 0.137379 -1
0 -7.453862 28.335169 -7.471517 0.020659 0.040075 -1
0 0.143973 29.889660 -2.556628 0.020659 0.042411 -1
0 -5.340158 27.616308 -7.471517 0.020659 0.042059 -1
0 5.628104 27.616308 -7.471517 0.020659 0.048211 -1
0 0.143973 29.889660 -2.556628 0.020659 0.040905 -1
0 7.741809 28.335169 -7.471517 0.020659 0.047708 -1
0 -1.830488 26.745724 -7.471517 0.020659 0.046926 -1
0 0.143973 29.889660 -2.556628 0.020659 0.045762 -1
0 0.143973 26.548279 -7.471517 0.020659 0.047996 -1
0 0.143973 29.889660 -2.556628 0.020659 0.043897 -1
0 2.118434 26.745726 -7.471517 0.020659 0.048211 -1
0 -8.336703 28.917635 -5.597988 0.020659 0.039395 -1
0 -9.219547 29.889696 -2.556628 0.020659 0.037502 -1
0 7.741809 28.335169 -7.471517 0.049854 0.174638 -1
0 8.624650 28.917635 -5.597998 0.050489 0.181131 -1
0 7.741809 5.180540 -7.471515 0.049594 0.284938 -1
0 0.143973 26.548279 -7.471517 0.002075 0.265844 -1
0 2.118434 26.745726 -7.471517 0.001709 0.285626 -1
0 0.143973 29.889660 -2.556628 0.018151 0.275166 -1
0 0.143973 30.398479 0.000002 0.018151 0.275166 -1
0 -7.453862 5.180540 -7.471515 0.007106 0.216835 -1
0 -7.453862 28.335169 -7.471517 0.001720 0.216610 -1
0 0.143973 29.889660 -2.556628 0.020659 0.037744 -1
0 -7.453862 28.335169 -7.471517 0.020659 0.039735 -1
0 9.507501 29.889664 -2.556625 0.051124 0.187623 -1
0 9.507495 4.447614 -2.556600 0.050603 0.315865 -1
0 -7.453862 28.335169 -7.471517 0.001718 0.226417 -1
0 -5.340158 27.616308 -7.471517 0.001717 0.236225 -1
0 9.507501 29.889664 -2.556625 0.020659 0.039395 -1
0 -9.219548 4.447614 -2.556629 0.038025 0.320483 -1
0 -7.453862 28.335169 -7.471517 0.025797 0.182314 -1
0 5.628104 27.616308 -7.471517 0.001707 0.295433 -1
0 -1.830488 26.745724 -7.471517 0.001714 0.255839 -1
37
0.392300 0.500700 -0.771600
0.000000 0.938000 -0.346800
0.655300 0.621200 -0.429700
0.000000 -0.936800 -0.349800
0.000000 -0.962600 -0.270900
-0.962600 -0.000000 -0.270900
-0.936800 -0.000000 -0.349800
0.000000 0.936800 -0.349800
0.000000 0.962600 -0.270900
0.000000 0.924900 -0.380200
0.936800 -0.000000 -0.349800
0.962600 -0.000000 -0.270900
0.596800 -0.247600 -0.763200
0.886300 -0.367100 -0.282300
0.000000 -0.936900 -0.349700
0.667600 0.668600 -0.327600
0.680700 0.680600 -0.270900
0.903200 -0.374100 -0.210600
-0.886300 -0.367100 -0.282300
-0.903200 -0.374100 -0.210600
-0.680700 0.680700 -0.270900
-0.667600 0.668600 -0.327600
-0.596800 -0.247600 -0.763200
0.000000 -0.662300 -0.749300
-0.655300 0.621200 -0.429700
0.000000 0.662300 -0.749200
0.662300 -0.000000 -0.749200
0.000000 -0.662300 -0.749200
-0.662300 -0.000000 -0.749200
0.000000 0.285600 -0.958400
-0.392300 0.500700 -0.771600
0.128300 0.411200 -0.902500
-0.128300 0.411200 -0.902500
0.080200 0.437100 -0.895800
0.000000 0.444100 -0.896000
-0.080200 0.437100 -0.895800
0.000000 0.980800 -0.195200
68
0 0 1 2 0 1 2 1
0 3 4 5 3 4 5 1
0 3 5 6 3 5 6 1
0 7 8 9 7 8 8 1
0 10 9 11 9 8 8 1
0 10 11 12 9 8 7 1
0 6 5 8 6 5 8 1
0 6 8 7 6 8 7 1
0 13 4 3 10 4 3 1
0 12 11 14 7 8 11 1
0 12 14 13 7 11 10 1
0 13 14 4 10 11 4 1
0 7 9 10 7 8 9 1
0 15 16 17 12 13 14 1
0 18 19 20 13 4 14 1
0 21 22 23 15 16 17 1
0 21 23 18 15 17 13 1
0 18 23 19 13 17 4 1
0 24 25 26 18 19 20 1
0 24 26 27 18 20 21 1
0 20 19 25 14 4 19 1
0 20 25 24 14 19 18 1
0 28 29 30 14 18 22 1
0 15 17 31 12 14 23 1
0 32 28 30 23 14 22 1
0 33 34 35 21 24 22 1
0 36 37 38 6 7 25 1
0 39 40 41 25 7 10 1
0 39 41 42 25 10 26 1
0 43 44 36 27 3 6 1
0 45 46 43 26 10 27 1
0 47 36 38 28 6 25 1
0 48 49 50 9 7 25 1
0 51 48 50 29 9 25 1
0 46 44 43 10 3 27 1
0 52 53 54 25 7 9 1
0 52 54 55 25 9 29 1
0 43 36 47 27 6 28 1
0 56 57 58 29 27 25 1
0 59 60 61 25 27 29 1
0 59 62 60 25 26 27 1
0 63 64 65 23 0 12 1
0 57 66 58 27 28 25 1
0 67 68 69 30 1 31 1
0 70 71 72 32 1 0 1
0 73 74 75 33 1 34 1
0 75 76 77 34 1 35 1
0 78 79 1 24 21 1 1
0 69 68 73 31 1 33 1
0 70 77 76 32 35 1 1
0 80 81 82 0 2 12 1
0 63 83 84 23 34 35 1
0 27 26 85 21 20 1 1
0 26 86 85 20 36 1 1
0 85 22 21 1 16 15 1
0 85 86 22 1 36 16 1
0 87 88 63 22 30 23 1
0 78 89 90 24 1 30 1
0 82 91 92 12 15 13 1
0 93 94 63 30 31 23 1
0 2 1 95 2 1 15 1
0 35 96 33 22 18 21 1
0 82 81 91 12 2 15 1
0 35 34 97 22 24 30 1
0 84 98 63 35 32 23 1
0 98 64 63 32 0 23 1
0 63 99 83 23 33 34 1
0 63 94 99 23 31 33 1
"ornate" 0 1
16
0 -0.143973 -10.831793 7.558219 0.061911 0.678790 -1
0 -0.143973 -27.094307 7.558221 0.061911 0.917542 -1
0 18.119793 7.431973 7.558217 0.097429 0.394938 -1
0 -18.407738 7.431973 7.558217 0.025811 0.390008 -1
0 -26.538998 -0.699283 7.558217 0.010909 0.509388 -1
0 -0.143973 -2.413540 7.558202 0.061797 0.529918 -1
0 -7.741809 28.335169 7.558200 0.047518 0.049274 -1
0 -7.741809 5.180540 7.558198 0.047518 0.411212 -1
0 26.251049 -0.699283 7.558217 0.112483 0.512727 -1
0 -0.143973 26.548279 7.558200 0.061797 0.077205 -1
0 -2.118434 26.745726 7.558200 0.058087 0.074119 -1
0 7.453862 5.180540 7.558198 0.076077 0.411212 -1
0 7.453862 28.335169 7.558200 0.076077 0.049274 -1
0 5.340158 27.616308 7.558200 0.072104 0.060511 -1
0 -5.628104 27.616308 7.558200 0.051491 0.060511 -1
0 1.830488 26.745724 7.558200 0.065508 0.074119 -1
1
-0.000000 -0.000000 1.000000
12
0 0 1 2 0 0 0 1
0 3 1 0 0 0 0 1
0 3 4 1 0 0 0 1
0 5 6 7 0 0 0 1
0 1 8 2 0 0 0 1
0 5 9 10 0 0 0 1
0 11 12 5 0 0 0 1
0 12 13 5 0 0 0 1
0 10 14 5 0 0 0 1
0 14 6 5 0 0 0 1
0 5 15 9 0 0 0 1
0 5 13 15 0 0 0 1
"ornateBack" 0 1
16
0 0.143973 -10.831793 -7.558219 0.061911 0.678790 -1
0 0.143973 -27.094307 -7.558221 0.061911 0.917542 -1
0 -18.119793 7.431973 -7.558217 0.097429 0.394938 -1
0 18.407738 7.431973 -7.558217 0.025811 0.390008 -1
0 26.538998 -0.699283 -7.558217 0.010909 0.509388 -1
0 0.143973 -2.413540 -7.558202 0.061797 0.529918 -1
0 7.741809 28.335169 -7.558200 0.047518 0.049274 -1
0 7.741809 5.180540 -7.558198 0.047518 0.411212 -1
0 -26.251049 -0.699283 -7.558217 0.112483 0.512727 -1
0 0.143973 26.548279 -7.558200 0.061797 0.077205 -1
0 2.118434 26.745726 -7.558200 0.058087 0.074119 -1
0 -7.453862 5.180540 -7.558198 0.076077 0.411212 -1
0 -7.453862 28.335169 -7.558200 0.076077 0.049274 -1
0 -5.340158 27.616308 -7.558200 0.072104 0.060511 -1
0 5.628104 27.616308 -7.558200 0.051491 0.060511 -1
0 -1.830488 26.745724 -7.558200 0.065508 0.074119 -1
1
0.000000 -0.000000 -1.000000
12
0 0 1 2 0 0 0 1
0 3 1 0 0 0 0 1
0 3 4 1 0 0 0 1
0 5 6 7 0 0 0 1
0 1 8 2 0 0 0 1
0 5 9 10 0 0 0 1
0 11 12 5 0 0 0 1
0 12 13 5 0 0 0 1
0 10 14 5 0 0 0 1
0 14 6 5 0 0 0 1
0 5 15 9 0 0 0 1
0 5 13 15 0 0 0 1
"shine" 0 0
16
0 -0.143973 -10.831793 7.600001 0.093530 0.347956 -1
0 -0.143973 -27.094307 7.600003 0.093530 0.218917 -1
0 18.119793 7.431973 7.599999 0.079472 0.501371 -1
0 -18.407738 7.431973 7.599999 0.107819 0.504035 -1
0 -26.538998 -0.699283 7.599999 0.113718 0.439514 -1
0 -0.143973 -2.413540 7.600002 0.093575 0.428418 -1
0 -7.741809 28.335169 7.600000 0.099227 0.688194 -1
0 -7.741809 5.180540 7.599999 0.099227 0.492575 -1
0 26.251049 -0.699283 7.599999 0.073513 0.437709 -1
0 -0.143973 26.548279 7.600000 0.093575 0.673097 -1
0 -2.118434 26.745726 7.600000 0.095044 0.674765 -1
0 7.453862 5.180540 7.599999 0.087923 0.492575 -1
0 7.453862 28.335169 7.600000 0.087923 0.688194 -1
0 5.340158 27.616308 7.600000 0.089496 0.682120 -1
0 -5.628104 27.616308 7.600000 0.097655 0.682120 -1
0 1.830488 26.745724 7.600000 0.092106 0.674765 -1
1
-0.000000 -0.000000 1.000000
12
0 0 1 2 0 0 0 1
0 3 1 0 0 0 0 1
0 3 4 1 0 0 0 1
0 5 6 7 0 0 0 1
0 1 8 2 0 0 0 1
0 5 9 10 0 0 0 1
0 11 12 5 0 0 0 1
0 12 13 5 0 0 0 1
0 10 14 5 0 0 0 1
0 14 6 5 0 0 0 1
0 5 15 9 0 0 0 1
0 5 13 15 0 0 0 1
"shineBack" 0 0
16
0 0.143973 -10.831793 -7.600001 0.093530 0.347956 -1
0 0.143973 -27.094307 -7.600003 0.093530 0.218917 -1
0 -18.119793 7.431973 -7.599999 0.079472 0.501371 -1
0 18.407738 7.431973 -7.599999 0.107819 0.504035 -1
0 26.538998 -0.699283 -7.599999 0.113718 0.439514 -1
0 0.143973 -2.413540 -7.600002 0.093575 0.428418 -1
0 7.741809 28.335169 -7.600000 0.099227 0.688194 -1
0 7.741809 5.180540 -7.599999 0.099227 0.492575 -1
0 -26.251049 -0.699283 -7.599999 0.073513 0.437709 -1
0 0.143973 26.548279 -7.600000 0.093575 0.673097 -1
0 2.118434 26.745726 -7.600000 0.095044 0.674765 -1
0 -7.453862 5.180540 -7.599999 0.087923 0.492575 -1
0 -7.453862 28.335169 -7.600000 0.087923 0.688194 -1
0 -5.340158 27.616308 -7.600000 0.089496 0.682120 -1
0 5.628104 27.616308 -7.600000 0.097655 0.682120 -1
0 -1.830488 26.745724 -7.600000 0.092106 0.674765 -1
1
0.000000 -0.000000 -1.000000
12
0 0 1 2 0 0 0 1
0 3 1 0 0 0 0 1
0 3 4 1 0 0 0 1
0 5 6 7 0 0 0 1
0 1 8 2 0 0 0 1
0 5 9 10 0 0 0 1
0 11 12 5 0 0 0 1
0 12 13 5 0 0 0 1
0 10 14 5 0 0 0 1
0 14 6 5 0 0 0 1
0 5 15 9 0 0 0 1
0 5 13 15 0 0 0 1

Materials: 3
"01 - Default"
0.588235 0.588235 0.588235 1.000000
0.588235 0.588235 0.588235 1.000000
0.898039 0.898039 0.898039 1.000000
0.000000 0.000000 0.000000 1.000000
12.799999
1.000000
"textures/Tap Note ani texture.ini"
""
"ornate"
0.200000 0.200000 0.200000 1.000000
0.800000 0.800000 0.800000 1.000000
0.000000 0.000000 0.000000 1.000000
0.000000 0.000000 0.000000 1.000000
0.000000
1.000000
"textures/ornate parts (mipmaps).png"
""
"nomove"
0.200000 0.200000 0.200000 1.000000
0.800000 0.800000 0.800000 1.000000
0.000000 0.000000 0.000000 1.000000
0.000000 0.000000 0.000000 1.000000
0.000000
1.000000
"textures/Tap Note parts (mipmaps).png"
""

Bones: 0