// MilkShape 3D ASCII

Frames: 30
Frame: 1

Meshes: 1
"funkin" 0 0
285
0 6.666220 22.240850 7.499822 0.544316 0.647788 -1
0 6.475945 24.643074 7.499823 0.544316 0.647788 -1
0 5.121555 24.956896 7.499823 0.544316 0.647788 -1
0 7.046019 0.196781 7.499819 0.544316 0.647788 -1
0 6.376930 0.684260 7.499819 0.544316 0.647788 -1
0 1.332130 -25.330772 7.499816 0.544316 0.647788 -1
0 24.268782 4.018451 7.499820 0.544316 0.647788 -1
0 12.749475 4.250020 7.462636 0.544316 0.647788 -1
0 21.300562 -6.154840 7.499818 0.544316 0.647788 -1
0 -26.645504 2.185859 7.499820 0.544316 0.647788 -1
0 -26.405239 1.559867 7.499819 0.544316 0.647788 -1
0 -26.411514 2.653839 7.499820 0.544316 0.647788 -1
0 -9.002936 -0.021134 7.499819 0.544316 0.647788 -1
0 -9.725553 0.093567 7.499819 0.544316 0.647788 -1
0 -14.318005 -17.077587 7.499817 0.544316 0.647788 -1
0 -11.865618 24.782896 0.000002 0.012736 0.544588 -1
0 -8.379932 23.777973 7.000002 0.012736 0.544588 -1
0 -7.884424 24.521236 7.000002 0.012736 0.544588 -1
0 -2.582485 26.949230 7.000002 0.012736 0.544588 -1
0 4.985448 30.817497 0.000002 0.012736 0.544588 -1
0 -4.500302 30.817497 0.000002 0.012736 0.544588 -1
0 7.030377 26.536306 7.000002 0.012736 0.544588 -1
0 7.406963 23.258684 7.000002 0.012736 0.544588 -1
0 10.767303 25.174139 0.000002 0.012736 0.544588 -1
0 7.217639 15.336576 7.000001 0.012736 0.544588 -1
0 -11.566930 9.052661 0.000002 0.012736 0.544588 -1
0 -9.211728 0.561308 6.999999 0.012736 0.544588 -1
0 -9.006230 15.357108 7.000001 0.012736 0.544588 -1
0 -14.135098 5.484678 7.000000 0.012736 0.544588 -1
0 -12.065856 2.416491 7.000000 0.012736 0.544588 -1
0 16.626192 14.874289 0.000002 0.012736 0.544588 -1
0 15.337871 13.665249 0.000002 0.012736 0.544588 -1
0 19.099636 11.835589 7.000000 0.012736 0.544588 -1
0 -30.772917 4.931148 0.000000 0.012736 0.544588 -1
0 -28.302675 2.808933 7.000000 0.012736 0.544588 -1
0 -27.660496 3.451112 7.000000 0.012736 0.544588 -1
0 28.066355 1.751006 6.999999 0.012736 0.544588 -1
0 31.286463 2.277596 -0.000000 0.012736 0.544588 -1
0 27.662020 2.369400 7.000000 0.012736 0.544588 -1
0 -8.613949 -25.044498 6.999996 0.012736 0.544588 -1
0 -10.730760 -23.403376 6.999996 0.012736 0.544588 -1
0 -12.209248 -26.038303 -0.000004 0.012736 0.544588 -1
0 15.955338 -14.798179 6.999997 0.012736 0.544588 -1
0 10.275623 -21.562460 6.999996 0.012736 0.544588 -1
0 17.048201 -18.727184 -0.000003 0.012736 0.544588 -1
0 -14.135927 5.484153 7.499820 0.544437 0.052451 -1
0 -16.816130 9.916504 7.000000 0.544437 0.052451 -1
0 -16.822987 9.924153 7.499821 0.544437 0.052451 -1
0 -10.115536 0.632661 6.999999 0.544437 0.052451 -1
0 -10.113321 0.633804 7.499819 0.544437 0.052451 -1
0 -9.725553 0.093567 7.499819 0.544437 0.052451 -1
0 6.475945 24.643074 7.499823 0.544437 0.052451 -1
0 6.666220 22.240850 7.499822 0.544437 0.052451 -1
0 7.406963 23.258684 7.000002 0.544437 0.052451 -1
0 -5.449289 24.362286 7.499823 0.544437 0.052451 -1
0 -3.252536 25.072515 7.499823 0.544437 0.052451 -1
0 -5.472950 26.123381 7.000002 0.544437 0.052451 -1
0 -26.405239 1.559867 7.499819 0.544437 0.052451 -1
0 -26.645504 2.185859 7.499820 0.544437 0.052451 -1
0 -27.779417 1.310516 6.999999 0.544437 0.052451 -1
0 16.791040 -11.872608 7.499817 0.544437 0.052451 -1
0 10.854453 -18.636890 7.499817 0.544437 0.052451 -1
0 15.955338 -14.798179 6.999997 0.544437 0.052451 -1
0 8.586835 0.288542 7.499819 0.544437 0.052451 -1
0 9.012710 0.938380 7.499819 0.544437 0.052451 -1
0 9.015053 0.942338 6.999999 0.544437 0.052451 -1
0 10.132919 1.727222 6.999999 0.544437 0.052451 -1
0 10.132712 1.727123 7.546409 0.544437 0.052451 -1
0 12.749475 4.250020 7.462636 0.544437 0.052451 -1
0 12.749203 4.248369 7.000000 0.544437 0.052451 -1
0 18.301264 10.808205 7.499821 0.544437 0.052451 -1
0 18.302860 10.816825 7.000000 0.544437 0.052451 -1
0 -12.065856 2.416491 7.000000 0.544437 0.052451 -1
0 -12.063990 2.416781 7.499819 0.544437 0.052451 -1
0 -8.092001 22.049913 7.499822 0.544316 0.647788 -1
0 -8.291790 15.399796 7.499821 0.544316 0.647788 -1
0 -5.449289 24.362286 7.499823 0.544316 0.647788 -1
0 -8.291790 0.850593 7.499819 0.544316 0.647788 -1
0 6.309453 8.453829 7.499820 0.544316 0.647788 -1
0 -1.093879 -25.711323 7.499816 0.544316 0.647788 -1
0 6.047825 1.603923 7.499819 0.544316 0.647788 -1
0 6.785142 18.958605 7.499822 0.544316 0.647788 -1
0 1.636480 25.485439 7.499823 0.544316 0.647788 -1
0 -3.252536 25.072515 7.499823 0.544316 0.647788 -1
0 -7.398289 23.073963 7.499822 0.544316 0.647788 -1
0 -6.506373 23.800709 7.499822 0.544316 0.647788 -1
0 -1.633875 25.452406 7.499823 0.544316 0.647788 -1
0 3.377589 -24.878870 7.499816 0.544316 0.647788 -1
0 7.611212 -22.286369 7.499816 0.544316 0.647788 -1
0 5.589538 -23.903709 7.499816 0.544316 0.647788 -1
0 10.854453 -18.636890 7.499817 0.544316 0.647788 -1
0 9.012710 0.938380 7.499819 0.544316 0.647788 -1
0 8.586835 0.288542 7.499819 0.544316 0.647788 -1
0 8.036271 0.024730 7.499819 0.544316 0.647788 -1
0 25.873676 0.255341 7.499819 0.544316 0.647788 -1
0 26.438005 1.177536 7.499819 0.544316 0.647788 -1
0 26.052610 1.838214 7.499819 0.544316 0.647788 -1
0 20.859684 7.823955 7.499820 0.544316 0.647788 -1
0 18.301264 10.808205 7.499821 0.544316 0.647788 -1
0 10.132712 1.727123 7.546409 0.544316 0.647788 -1
0 16.791040 -11.872608 7.499817 0.544316 0.647788 -1
0 -22.338106 -5.575451 7.499818 0.544316 0.647788 -1
0 -14.135927 5.484153 7.499820 0.544316 0.647788 -1
0 -10.113321 0.633804 7.499819 0.544316 0.647788 -1
0 -12.063990 2.416781 7.499819 0.544316 0.647788 -1
0 -16.822987 9.924153 7.499821 0.544316 0.647788 -1
0 -10.916836 -21.311211 7.499816 0.544316 0.647788 -1
0 -8.633533 -23.309099 7.499816 0.544316 0.647788 -1
0 -8.440902 0.288558 7.499819 0.544316 0.647788 -1
0 -6.159956 -24.974009 7.499816 0.544316 0.647788 -1
0 -3.567456 -25.735109 7.499816 0.544316 0.647788 -1
0 -8.788207 22.175303 7.000002 0.012736 0.544588 -1
0 -8.629644 23.087038 7.000002 0.012736 0.544588 -1
0 -10.750727 27.301727 0.000002 0.012736 0.544588 -1
0 -11.466459 26.104250 0.000002 0.012736 0.544588 -1
0 -9.088331 29.011150 0.000002 0.012736 0.544588 -1
0 -9.814769 28.485439 0.000002 0.012736 0.544588 -1
0 -6.959475 25.347084 7.000002 0.012736 0.544588 -1
0 -7.090627 30.119925 0.000002 0.012736 0.544588 -1
0 -7.979558 29.756706 0.000002 0.012736 0.544588 -1
0 -5.472950 26.123381 7.000002 0.012736 0.544588 -1
0 -5.934061 30.492702 0.000002 0.012736 0.544588 -1
0 -3.887324 26.618891 7.000002 0.012736 0.544588 -1
0 3.958225 26.982264 7.000002 0.012736 0.544588 -1
0 10.640079 26.025988 0.000002 0.012736 0.544588 -1
0 10.247343 27.265039 0.000002 0.012736 0.544588 -1
0 9.948643 28.006260 0.000002 0.012736 0.544588 -1
0 9.474882 28.891359 0.000002 0.012736 0.544588 -1
0 8.987916 29.624182 0.000002 0.012736 0.544588 -1
0 8.318547 30.168301 0.000002 0.012736 0.544588 -1
0 7.240889 30.445145 0.000002 0.012736 0.544588 -1
0 6.848580 2.095771 6.999999 0.012736 0.544588 -1
0 10.767303 7.675544 0.000001 0.012736 0.544588 -1
0 -10.115536 0.632661 6.999999 0.012736 0.544588 -1
0 -12.035507 9.858096 0.000001 0.012736 0.544588 -1
0 -12.549219 10.606095 0.000001 0.012736 0.544588 -1
0 -16.816130 9.916504 7.000000 0.012736 0.544588 -1
0 -13.230204 11.556891 0.000001 0.012736 0.544588 -1
0 -14.235323 12.773944 0.000001 0.012736 0.544588 -1
0 -15.302043 13.737432 0.000002 0.012736 0.544588 -1
0 -17.635370 11.264285 7.000000 0.012736 0.544588 -1
0 -16.265532 14.173296 0.000002 0.012736 0.544588 -1
0 -18.674253 13.668611 0.000002 0.012736 0.544588 -1
0 -17.733704 14.173296 0.000002 0.012736 0.544588 -1
0 13.486652 11.714928 0.000001 0.012736 0.544588 -1
0 18.302860 10.816825 7.000000 0.012736 0.544588 -1
0 12.749203 4.248369 7.000000 0.012736 0.544588 -1
0 6.878861 1.330486 6.999999 0.012736 0.544588 -1
0 7.242233 0.914809 6.999999 0.012736 0.544588 -1
0 7.889147 0.749640 6.999999 0.012736 0.544588 -1
0 9.015053 0.942338 6.999999 0.012736 0.544588 -1
0 10.132919 1.727222 6.999999 0.012736 0.544588 -1
0 22.200661 14.025501 0.000002 0.012736 0.544588 -1
0 17.440569 15.333093 0.000002 0.012736 0.544588 -1
0 20.606316 15.287212 0.000002 0.012736 0.544588 -1
0 18.725220 15.723077 0.000002 0.012736 0.544588 -1
0 19.654299 15.734546 0.000002 0.012736 0.544588 -1
0 -23.664717 6.590652 7.000000 0.012736 0.544588 -1
0 -28.088911 7.408689 0.000001 0.012736 0.544588 -1
0 -30.181059 5.729467 0.000000 0.012736 0.544588 -1
0 -31.185841 3.706141 0.000000 0.012736 0.544588 -1
0 -31.400560 2.153548 -0.000000 0.012736 0.544588 -1
0 -31.235392 1.079947 -0.000000 0.012736 0.544588 -1
0 -30.442577 -0.670849 -0.000000 0.012736 0.544588 -1
0 -27.779417 1.310516 6.999999 0.012736 0.544588 -1
0 -28.278891 2.024048 6.999999 0.012736 0.544588 -1
0 28.280415 1.132612 6.999999 0.012736 0.544588 -1
0 27.971218 0.585571 6.999999 0.012736 0.544588 -1
0 31.309402 0.224449 -0.000000 0.012736 0.544588 -1
0 31.447042 1.096176 -0.000000 0.012736 0.544588 -1
0 27.065359 8.254390 0.000001 0.012736 0.544588 -1
0 26.805780 3.725111 7.000000 0.012736 0.544588 -1
0 23.795006 12.178815 0.000001 0.012736 0.544588 -1
0 22.025118 9.171738 7.000000 0.012736 0.544588 -1
0 24.308418 6.555454 7.000000 0.012736 0.544588 -1
0 -23.669474 -5.779138 6.999998 0.012736 0.544588 -1
0 -28.262341 -4.618398 -0.000001 0.012736 0.544588 -1
0 -20.281355 -17.405815 -0.000003 0.012736 0.544588 -1
0 -17.856667 -20.431721 -0.000003 0.012736 0.544588 -1
0 -16.534153 -16.006428 6.999997 0.012736 0.544588 -1
0 -14.652379 -23.652523 -0.000004 0.012736 0.544588 -1
0 -12.752434 -21.120073 6.999996 0.012736 0.544588 -1
0 -10.632109 -27.242664 -0.000004 0.012736 0.544588 -1
0 -8.859978 -28.464230 -0.000004 0.012736 0.544588 -1
0 -6.537282 -29.668591 -0.000004 0.012736 0.544588 -1
0 -6.616058 -26.281286 6.999996 0.012736 0.544588 -1
0 -3.522557 -30.639725 -0.000004 0.012736 0.544588 -1
0 -3.738146 -27.089956 6.999995 0.012736 0.544588 -1
0 -1.045016 -30.823246 -0.000004 0.012736 0.544588 -1
0 -0.979156 -27.327799 6.999995 0.012736 0.544588 -1
0 1.399284 -26.899679 6.999995 0.012736 0.544588 -1
0 1.466936 -30.639725 -0.000004 0.012736 0.544588 -1
0 3.898597 -29.770941 -0.000004 0.012736 0.544588 -1
0 5.751799 -28.958309 -0.000004 0.012736 0.544588 -1
0 3.054679 -26.414478 6.999995 0.012736 0.544588 -1
0 7.386976 -28.066393 -0.000004 0.012736 0.544588 -1
0 5.024027 -25.615320 6.999996 0.012736 0.544588 -1
0 10.597871 -25.608671 -0.000004 0.012736 0.544588 -1
0 7.678367 -24.102634 6.999996 0.012736 0.544588 -1
0 23.555614 -10.575795 -0.000002 0.012736 0.544588 -1
0 28.006012 -4.978388 -0.000001 0.012736 0.544588 -1
0 21.463806 -8.205143 6.999998 0.012736 0.544588 -1
0 29.852697 -2.432026 -0.000001 0.012736 0.544588 -1
0 25.602293 -2.839382 6.999999 0.012736 0.544588 -1
0 6.394009 -24.930330 6.999996 0.012736 0.544588 -1
0 -14.135098 5.484678 7.000000 0.544437 0.052451 -1
0 8.036271 0.024730 7.499819 0.544437 0.052451 -1
0 7.889147 0.749640 6.999999 0.544437 0.052451 -1
0 6.376930 0.684260 7.499819 0.544437 0.052451 -1
0 7.046019 0.196781 7.499819 0.544437 0.052451 -1
0 7.242233 0.914809 6.999999 0.544437 0.052451 -1
0 6.309453 8.453829 7.499820 0.544437 0.052451 -1
0 6.047825 1.603923 7.499819 0.544437 0.052451 -1
0 6.848580 2.095771 6.999999 0.544437 0.052451 -1
0 6.878861 1.330486 6.999999 0.544437 0.052451 -1
0 6.785142 18.958605 7.499822 0.544437 0.052451 -1
0 7.217639 15.336576 7.000001 0.544437 0.052451 -1
0 7.030377 26.536306 7.000002 0.544437 0.052451 -1
0 -9.002936 -0.021134 7.499819 0.544437 0.052451 -1
0 -8.440902 0.288558 7.499819 0.544437 0.052451 -1
0 -9.211728 0.561308 6.999999 0.544437 0.052451 -1
0 -8.291790 0.850593 7.499819 0.544437 0.052451 -1
0 -8.291790 15.399796 7.499821 0.544437 0.052451 -1
0 -9.006230 15.357108 7.000001 0.544437 0.052451 -1
0 -8.788207 22.175303 7.000002 0.544437 0.052451 -1
0 -8.092001 22.049913 7.499822 0.544437 0.052451 -1
0 -8.629644 23.087038 7.000002 0.544437 0.052451 -1
0 -7.884424 24.521236 7.000002 0.544437 0.052451 -1
0 -8.379932 23.777973 7.000002 0.544437 0.052451 -1
0 -7.398289 23.073963 7.499822 0.544437 0.052451 -1
0 -6.959475 25.347084 7.000002 0.544437 0.052451 -1
0 -6.506373 23.800709 7.499822 0.544437 0.052451 -1
0 -2.582485 26.949230 7.000002 0.544437 0.052451 -1
0 -3.887324 26.618891 7.000002 0.544437 0.052451 -1
0 3.958225 26.982264 7.000002 0.544437 0.052451 -1
0 5.121555 24.956896 7.499823 0.544437 0.052451 -1
0 1.636480 25.485439 7.499823 0.544437 0.052451 -1
0 -1.633875 25.452406 7.499823 0.544437 0.052451 -1
0 -6.616058 -26.281286 6.999996 0.544437 0.052451 -1
0 -3.738146 -27.089956 6.999995 0.544437 0.052451 -1
0 -3.567456 -25.735109 7.499816 0.544437 0.052451 -1
0 -0.979156 -27.327799 6.999995 0.544437 0.052451 -1
0 -6.159956 -24.974009 7.499816 0.544437 0.052451 -1
0 -1.093879 -25.711323 7.499816 0.544437 0.052451 -1
0 -8.613949 -25.044498 6.999996 0.544437 0.052451 -1
0 -12.752434 -21.120073 6.999996 0.544437 0.052451 -1
0 -10.730760 -23.403376 6.999996 0.544437 0.052451 -1
0 -10.916836 -21.311211 7.499816 0.544437 0.052451 -1
0 -8.633533 -23.309099 7.499816 0.544437 0.052451 -1
0 -23.669474 -5.779138 6.999998 0.544437 0.052451 -1
0 -16.534153 -16.006428 6.999997 0.544437 0.052451 -1
0 -22.338106 -5.575451 7.499818 0.544437 0.052451 -1
0 -14.318005 -17.077587 7.499817 0.544437 0.052451 -1
0 -28.302675 2.808933 7.000000 0.544437 0.052451 -1
0 -28.278891 2.024048 6.999999 0.544437 0.052451 -1
0 -27.660496 3.451112 7.000000 0.544437 0.052451 -1
0 -17.635370 11.264285 7.000000 0.544437 0.052451 -1
0 -23.664717 6.590652 7.000000 0.544437 0.052451 -1
0 -26.411514 2.653839 7.499820 0.544437 0.052451 -1
0 22.025118 9.171738 7.000000 0.544437 0.052451 -1
0 19.099636 11.835589 7.000000 0.544437 0.052451 -1
0 20.859684 7.823955 7.499820 0.544437 0.052451 -1
0 24.268782 4.018451 7.499820 0.544437 0.052451 -1
0 24.308418 6.555454 7.000000 0.544437 0.052451 -1
0 27.662020 2.369400 7.000000 0.544437 0.052451 -1
0 26.805780 3.725111 7.000000 0.544437 0.052451 -1
0 26.052610 1.838214 7.499819 0.544437 0.052451 -1
0 28.280415 1.132612 6.999999 0.544437 0.052451 -1
0 28.066355 1.751006 6.999999 0.544437 0.052451 -1
0 27.971218 0.585571 6.999999 0.544437 0.052451 -1
0 26.438005 1.177536 7.499819 0.544437 0.052451 -1
0 25.602293 -2.839382 6.999999 0.544437 0.052451 -1
0 25.873676 0.255341 7.499819 0.544437 0.052451 -1
0 21.463806 -8.205143 6.999998 0.544437 0.052451 -1
0 21.300562 -6.154840 7.499818 0.544437 0.052451 -1
0 7.678367 -24.102634 6.999996 0.544437 0.052451 -1
0 10.275623 -21.562460 6.999996 0.544437 0.052451 -1
0 7.611212 -22.286369 7.499816 0.544437 0.052451 -1
0 5.024027 -25.615320 6.999996 0.544437 0.052451 -1
0 6.394009 -24.930330 6.999996 0.544437 0.052451 -1
0 5.589538 -23.903709 7.499816 0.544437 0.052451 -1
0 1.399284 -26.899679 6.999995 0.544437 0.052451 -1
0 3.054679 -26.414478 6.999995 0.544437 0.052451 -1
0 1.332130 -25.330772 7.499816 0.544437 0.052451 -1
0 3.377589 -24.878870 7.499816 0.544437 0.052451 -1
221
-0.000000 -0.000000 1.000000
-0.003200 0.000900 1.000000
-0.746000 0.497300 0.442900
-0.000000 0.875200 0.483700
0.885700 0.101800 0.453000
0.903600 -0.021600 0.427900
-0.942800 0.013100 0.333100
0.714300 0.481700 0.507600
-0.597500 0.636700 0.487500
-0.641400 0.641400 0.420800
0.770000 0.503400 0.392100
-0.563500 -0.726800 0.392600
0.690300 -0.579600 0.433100
0.855500 0.517800 0.003800
0.812400 0.583100 -0.004900
0.519400 0.041100 0.853500
-0.087600 0.270900 0.958600
-0.319500 -0.122600 0.939600
0.269400 -0.236500 0.933500
-0.836400 0.548100 0.000400
-0.575800 0.817600 -0.000100
-0.694100 0.719900 -0.000100
-0.763600 0.645600 0.008700
0.828700 0.559700 -0.003400
0.674900 0.737900 -0.002900
-0.003300 -0.002900 1.000000
-0.018700 -0.032400 0.999300
0.015900 0.016700 0.999700
-0.882300 0.153400 0.445000
-0.835400 0.301900 0.459300
-0.750400 0.448500 0.485400
-0.836900 0.252800 0.485400
-0.502200 0.694000 0.516000
-0.673200 0.532300 0.513300
-0.322100 0.788200 0.524400
-0.477600 0.710300 0.517100
-0.189100 0.834700 0.517200
-0.261400 0.811000 0.523400
-0.210200 0.830200 0.516400
-0.254000 0.812900 0.524100
-0.392400 0.751400 0.530500
-0.578900 0.648300 0.494600
-0.004400 0.877300 0.480000
0.884900 0.132200 0.446700
0.862900 0.273500 0.425000
0.841000 0.338900 0.421800
0.798900 0.427600 0.422900
0.751700 0.499500 0.430600
0.377600 0.803600 0.460100
0.142400 0.862400 0.485800
0.125200 0.862200 0.490800
0.880500 -0.024500 0.473400
0.891900 -0.000000 0.452300
-0.911000 0.029100 0.411400
-0.933700 -0.017700 0.357500
0.418600 0.644000 0.640400
0.749800 0.436200 0.497500
0.719800 0.494300 0.487400
0.711500 0.509600 0.483900
0.677300 0.559300 0.478000
0.603000 0.667600 0.436800
-0.019300 0.944700 0.327300
0.755900 0.459500 0.466300
0.740100 0.447700 0.501700
-0.625400 0.593600 0.506500
-0.246500 0.675700 0.694800
-0.680100 0.531900 0.504500
-0.652400 0.551600 0.519700
0.244300 0.889400 0.386500
-0.429800 0.762900 0.483000
-0.576000 0.743100 0.340700
-0.505400 0.760200 0.408300
-0.564500 0.703300 0.432200
-0.556500 0.708200 0.434500
-0.723300 0.536300 0.435000
-0.870100 0.293300 0.396000
-0.911500 0.126100 0.391600
-0.863900 -0.293000 0.409700
-0.740300 -0.518200 0.428300
-0.951800 -0.028800 0.305300
0.796700 -0.450300 0.403200
0.901600 -0.142300 0.408600
0.904400 0.122900 0.408500
0.858700 0.297300 0.417400
0.757500 0.535000 0.374200
0.695500 0.579500 0.424800
0.776500 0.490400 0.395600
0.666100 0.575100 0.475000
0.685400 0.598200 0.415100
0.682300 0.602000 0.414800
0.605100 0.664500 0.438500
-0.778600 -0.451400 0.436000
-0.792300 -0.437600 0.425300
-0.768100 -0.479400 0.424500
-0.685900 -0.549600 0.477000
-0.647100 -0.643700 0.408500
-0.711100 -0.525900 0.466800
-0.644900 -0.660400 0.384800
-0.558700 -0.731600 0.390800
-0.684500 -0.606100 0.405100
-0.522900 -0.758500 0.388900
-0.423700 -0.817200 0.390700
-0.482900 -0.780000 0.398000
-0.277100 -0.860400 0.427800
-0.066000 -0.890800 0.449700
-0.245500 -0.873700 0.420000
-0.076900 -0.891700 0.446000
-0.717600 -0.500600 0.484200
0.156700 -0.870500 0.466600
0.065200 -0.893000 0.445300
0.300200 -0.840100 0.451800
0.361000 -0.823200 0.438200
0.433500 -0.794800 0.424700
0.338800 -0.834800 0.433900
0.559500 -0.731000 0.390600
0.670500 -0.628500 0.394200
0.706700 -0.564200 0.427000
0.715200 -0.568700 0.406300
0.638700 -0.653100 0.406900
0.736200 -0.533900 0.415900
0.801700 -0.439600 0.405000
0.745400 -0.515600 0.422600
0.719800 -0.555200 0.416800
0.405600 -0.811300 0.421000
0.252200 -0.860400 0.442900
0.493400 -0.765600 0.413000
0.700700 -0.585500 0.407700
0.855600 0.517600 0.002000
-0.247000 0.515600 0.820500
-0.111000 0.648400 0.753100
0.343500 0.471500 0.812200
0.095700 0.550900 0.829000
0.538500 -0.020600 0.842400
0.552200 0.197600 0.810000
0.520300 0.020600 0.853800
0.642000 -0.029100 0.766200
0.148500 0.581600 0.799800
0.397800 0.347700 0.849000
0.572100 -0.015900 0.820000
0.693500 -0.016600 0.720200
0.542400 0.062300 0.837800
0.540600 0.019600 0.841100
-0.305600 0.554600 0.774000
-0.505300 0.134100 0.852500
-0.573200 -0.000000 0.819400
-0.479000 0.006700 0.877800
0.055300 0.700100 0.711900
0.106200 0.669200 0.735400
-0.580900 0.018600 0.813800
-0.573800 0.017200 0.818800
-0.568500 0.098900 0.816700
-0.318300 0.212200 0.923900
-0.371500 0.134300 0.918700
-0.140300 0.268600 0.953000
-0.216300 0.242300 0.945800
-0.071000 0.280300 0.957300
-0.085700 0.274400 0.957800
0.037700 0.259800 0.964900
-0.001600 0.319000 0.947800
0.055500 0.239600 0.969300
0.039500 0.260800 0.964600
-0.003200 0.314900 0.949100
-0.141600 0.266600 0.953300
-0.362400 0.245500 0.899100
-0.065400 0.278500 0.958200
-0.208500 0.255900 0.943900
-0.093900 -0.334100 0.937800
-0.029500 -0.342700 0.939000
-0.095800 -0.326200 0.940500
0.002800 -0.295200 0.955400
-0.182600 -0.294900 0.937900
-0.278400 -0.246500 0.928300
-0.211400 -0.272700 0.938600
-0.214300 -0.245000 0.945500
-0.313500 -0.218700 0.924100
-0.321700 -0.237900 0.916500
-0.291800 -0.008800 0.956400
-0.270200 -0.189100 0.944100
-0.307600 -0.178300 0.934700
-0.314200 -0.219100 0.923700
-0.184400 -0.273900 0.943900
-0.277700 -0.223100 0.934400
-0.209400 0.209400 0.955200
-0.207900 0.264600 0.941700
-0.091200 0.187800 0.978000
-0.604100 0.796700 -0.020500
-0.287300 0.143600 0.947000
-0.320900 -0.182900 0.929300
0.759100 0.650800 0.013700
0.113800 0.257500 0.959600
0.207600 0.186000 0.960400
0.205400 0.179200 0.962100
0.245900 0.155300 0.956800
0.210600 0.185800 0.959800
0.239100 0.156300 0.958300
0.254300 -0.175900 0.951000
0.251900 -0.154200 0.955400
0.288000 -0.240600 0.926900
0.269400 -0.207800 0.940300
0.243500 -0.249000 0.937400
0.251400 -0.211100 0.944600
0.162900 -0.325800 0.931300
0.194600 -0.301900 0.933300
0.087600 -0.299000 0.950200
0.134800 -0.332200 0.933500
0.052500 -0.291600 0.955100
0.047300 -0.301400 0.952300
0.071200 -0.322200 0.944000
0.141200 -0.320200 0.936800
0.234800 -0.208700 0.949400
0.264400 -0.208500 0.941600
0.301300 -0.024600 0.953200
0.209500 0.171400 0.962700
0.246000 -0.175500 0.953200
0.249300 0.145400 0.957400
0.202300 -0.252900 0.946100
-0.574600 0.818400 0.003800
-0.693900 0.720100 -0.002200
-0.763200 0.646100 -0.001900
0.829100 0.559100 0.002000
0.674700 0.738100 -0.004700
282
0 0 1 2 0 0 0 1
0 3 4 5 0 0 0 1
0 6 7 8 1 1 1 1
0 9 10 11 0 0 0 1
0 12 13 14 0 0 0 1
0 15 16 17 2 2 2 1
0 18 19 20 3 3 3 1
0 21 22 23 4 4 4 1
0 23 22 24 5 5 5 1
0 25 26 27 6 6 6 1
0 28 29 25 7 7 7 1
0 30 31 32 8 8 8 1
0 33 34 35 9 9 9 1
0 36 37 38 10 10 10 1
0 39 40 41 11 11 11 1
0 42 43 44 12 12 12 1
0 45 46 47 13 13 13 1
0 48 49 50 14 14 14 1
0 51 52 53 15 15 15 1
0 54 55 56 16 16 16 1
0 57 58 59 17 17 17 1
0 60 61 62 18 18 18 1
0 63 64 65 19 19 19 1
0 66 64 67 20 20 20 1
0 68 66 67 21 21 21 1
0 69 70 71 22 22 22 1
0 72 45 73 23 23 23 1
0 73 48 72 24 24 24 1
0 74 75 76 0 0 0 1
0 75 77 78 0 0 0 1
0 77 79 80 0 0 0 1
0 78 81 75 0 0 0 1
0 81 0 82 0 0 0 1
0 75 83 76 0 0 0 1
0 77 80 78 0 0 0 1
0 84 74 85 0 0 0 1
0 76 85 74 0 0 0 1
0 86 83 81 0 0 0 1
0 81 83 75 0 0 0 1
0 2 82 0 0 0 0 1
0 82 86 81 0 0 0 1
0 80 79 4 0 0 0 1
0 79 5 4 0 0 0 1
0 5 87 88 0 0 0 1
0 87 89 88 0 0 0 1
0 88 90 3 0 0 0 1
0 5 88 3 0 0 0 1
0 90 91 92 0 0 0 1
0 90 92 93 0 0 0 1
0 90 93 3 0 0 0 1
0 94 95 96 0 0 0 1
0 96 6 94 0 0 0 1
0 6 97 7 25 25 25 1
0 94 6 8 0 0 0 1
0 97 98 7 25 25 25 1
0 99 91 8 26 26 26 1
0 91 90 100 0 0 0 1
0 7 99 8 27 27 27 1
0 100 8 91 0 0 0 1
0 10 101 102 0 0 0 1
0 101 14 103 0 0 0 1
0 104 101 103 0 0 0 1
0 102 105 11 0 0 0 1
0 104 102 101 0 0 0 1
0 10 102 11 0 0 0 1
0 13 103 14 0 0 0 1
0 14 106 12 0 0 0 1
0 106 107 79 0 0 0 1
0 12 106 108 0 0 0 1
0 107 109 79 0 0 0 1
0 109 110 79 0 0 0 1
0 79 77 108 0 0 0 1
0 79 108 106 0 0 0 1
0 15 111 112 28 28 28 1
0 15 112 16 29 29 29 1
0 113 114 17 30 30 30 1
0 114 15 17 31 31 31 1
0 115 116 117 32 32 32 1
0 116 113 117 33 33 33 1
0 118 119 120 34 34 34 1
0 119 115 117 35 35 35 1
0 20 121 122 36 36 36 1
0 121 118 120 37 37 37 1
0 122 18 20 38 38 38 1
0 120 122 121 39 39 39 1
0 119 117 120 40 40 40 1
0 117 113 17 41 41 41 1
0 18 123 19 42 42 42 1
0 23 124 21 43 43 43 1
0 124 125 21 44 44 44 1
0 125 126 21 45 45 45 1
0 126 127 21 46 46 46 1
0 127 128 21 47 47 47 1
0 128 129 130 0 0 0 1
0 21 128 130 48 48 48 1
0 130 19 21 49 49 49 1
0 19 123 21 50 50 50 1
0 24 131 132 51 51 51 1
0 132 23 24 52 52 52 1
0 111 15 27 53 53 53 1
0 15 25 27 54 54 54 1
0 133 26 29 0 0 0 1
0 26 25 29 55 55 55 1
0 25 134 28 56 56 56 1
0 134 135 136 57 57 57 1
0 135 137 136 58 58 58 1
0 137 138 136 59 59 59 1
0 138 139 140 60 60 60 1
0 139 141 142 0 0 0 1
0 141 143 142 0 0 0 1
0 142 140 139 61 61 61 1
0 140 136 138 62 62 62 1
0 136 28 134 63 63 63 1
0 31 144 145 64 64 64 1
0 144 131 146 65 65 65 1
0 31 145 32 66 66 66 1
0 131 147 148 0 0 0 1
0 148 149 131 0 0 0 1
0 149 150 131 0 0 0 1
0 150 151 131 0 0 0 1
0 151 146 131 0 0 0 1
0 146 145 144 67 67 67 1
0 32 152 153 68 68 68 1
0 152 154 155 0 0 0 1
0 154 156 155 0 0 0 1
0 155 153 152 0 0 0 1
0 153 30 32 69 69 69 1
0 157 140 142 70 70 70 1
0 142 158 157 71 71 71 1
0 158 159 35 72 72 72 1
0 157 158 35 73 73 73 1
0 159 33 35 74 74 74 1
0 33 160 34 75 75 75 1
0 160 161 34 76 76 76 1
0 161 162 163 0 0 0 1
0 34 161 163 77 77 77 1
0 163 164 165 78 78 78 1
0 163 165 34 79 79 79 1
0 166 167 168 80 80 80 1
0 168 169 166 81 81 81 1
0 169 37 166 82 82 82 1
0 166 37 36 83 83 83 1
0 37 170 171 84 84 84 1
0 170 172 173 85 85 85 1
0 37 171 38 86 86 86 1
0 172 152 32 87 87 87 1
0 173 174 170 88 88 88 1
0 174 171 170 89 89 89 1
0 172 32 173 90 90 90 1
0 175 164 176 91 91 91 1
0 164 163 176 92 92 92 1
0 176 177 175 93 93 93 1
0 177 178 179 94 94 94 1
0 178 180 181 95 95 95 1
0 179 178 181 96 96 96 1
0 180 41 40 97 97 97 1
0 41 182 39 98 98 98 1
0 180 40 181 99 99 99 1
0 182 183 39 100 100 100 1
0 183 184 185 101 101 101 1
0 39 183 185 102 102 102 1
0 184 186 187 103 103 103 1
0 186 188 187 104 104 104 1
0 184 187 185 105 105 105 1
0 188 189 187 106 106 106 1
0 179 175 177 107 107 107 1
0 190 189 191 108 108 108 1
0 189 188 191 109 109 109 1
0 191 192 190 110 110 110 1
0 192 193 194 111 111 111 1
0 193 195 196 112 112 112 1
0 194 193 196 113 113 113 1
0 195 197 198 114 114 114 1
0 197 44 43 115 115 115 1
0 44 199 42 116 116 116 1
0 199 200 201 117 117 117 1
0 198 197 43 118 118 118 1
0 200 202 203 119 119 119 1
0 202 168 167 120 120 120 1
0 203 202 167 121 121 121 1
0 203 201 200 122 122 122 1
0 196 195 204 123 123 123 1
0 194 190 192 124 124 124 1
0 204 195 198 125 125 125 1
0 201 42 199 126 126 126 1
0 45 205 46 127 127 127 1
0 206 63 207 128 128 128 1
0 63 65 207 129 129 129 1
0 208 209 210 130 130 130 1
0 209 206 210 131 131 131 1
0 211 212 213 132 132 132 1
0 212 208 214 133 133 133 1
0 213 212 214 134 134 134 1
0 215 211 216 135 135 135 1
0 206 207 210 136 136 136 1
0 208 210 214 137 137 137 1
0 213 216 211 138 138 138 1
0 216 53 215 139 139 139 1
0 53 217 51 140 140 140 1
0 215 53 52 141 141 141 1
0 218 219 220 142 142 142 1
0 219 221 220 143 143 143 1
0 221 222 223 144 144 144 1
0 220 221 223 145 145 145 1
0 48 50 220 146 146 146 1
0 50 218 220 147 147 147 1
0 224 223 225 148 148 148 1
0 225 223 222 149 149 149 1
0 226 224 225 150 150 150 1
0 227 228 229 151 151 151 1
0 228 226 229 152 152 152 1
0 56 230 54 153 153 153 1
0 230 227 231 154 154 154 1
0 232 233 55 155 155 155 1
0 233 56 55 156 156 156 1
0 217 234 235 157 157 157 1
0 234 232 236 158 158 158 1
0 235 51 217 159 159 159 1
0 236 235 234 160 160 160 1
0 236 232 237 161 161 161 1
0 230 231 54 162 162 162 1
0 226 225 229 163 163 163 1
0 237 232 55 164 164 164 1
0 227 229 231 165 165 165 1
0 238 239 240 166 166 166 1
0 239 241 240 167 167 167 1
0 238 240 242 168 168 168 1
0 241 243 240 169 169 169 1
0 244 238 242 170 170 170 1
0 245 246 247 171 171 171 1
0 246 244 248 172 172 172 1
0 247 246 248 173 173 173 1
0 249 250 251 174 174 174 1
0 250 245 252 175 175 175 1
0 253 254 58 176 176 176 1
0 254 59 58 177 177 177 1
0 59 249 57 178 178 178 1
0 250 252 251 179 179 179 1
0 244 242 248 180 180 180 1
0 252 245 247 181 181 181 1
0 255 253 58 182 182 182 1
0 256 257 46 0 0 0 1
0 257 255 258 183 183 183 1
0 46 257 258 184 184 184 1
0 258 47 46 185 185 185 1
0 58 258 255 186 186 186 1
0 249 251 57 187 187 187 1
0 259 260 71 0 0 0 1
0 71 70 261 188 188 188 1
0 71 261 259 189 189 189 1
0 261 262 263 190 190 190 1
0 263 259 261 191 191 191 1
0 264 265 266 192 192 192 1
0 265 263 262 193 193 193 1
0 267 268 269 0 0 0 1
0 268 264 270 194 194 194 1
0 271 269 272 195 195 195 1
0 272 269 270 196 196 196 1
0 62 273 60 197 197 197 1
0 273 271 274 198 198 198 1
0 275 276 277 199 199 199 1
0 276 62 61 200 200 200 1
0 278 279 280 201 201 201 1
0 279 275 280 202 202 202 1
0 281 282 283 203 203 203 1
0 282 278 284 204 204 204 1
0 243 241 281 205 205 205 1
0 283 243 281 206 206 206 1
0 282 284 283 207 207 207 1
0 284 278 280 208 208 208 1
0 276 61 277 209 209 209 1
0 273 274 60 210 210 210 1
0 268 270 269 211 211 211 1
0 265 262 266 212 212 212 1
0 274 271 272 213 213 213 1
0 264 266 270 214 214 214 1
0 277 280 275 215 215 215 1
0 66 65 64 216 216 216 1
0 68 69 66 217 217 217 1
0 69 68 70 218 218 218 1
0 72 205 45 219 219 219 1
0 73 49 48 220 220 220 1

Materials: 1
"friday"
0.000000 0.000000 0.000000 1.000000
1.000000 1.000000 1.000000 1.000000
1.000000 1.000000 1.000000 1.000000
0.000000 0.000000 0.000000 1.000000
0.000000
1.000000
"textures\Tap Note 4th ani texture.ini"
""

Bones: 0
GroupComments: 0
MaterialComments: 0
BoneComments: 0
ModelComment: 0
