// MilkShape 3D ASCII

Frames: 30
Frame: 1

Meshes: 2
"fire" 0 1
22
0 -25.923130 54.162880 -0.410000 0.273607 0.038914 -1
0 -4.238085 -148.296265 -0.410000 0.473160 1.060095 -1
0 -14.490755 58.328430 -0.410000 0.378810 0.017904 -1
0 -50.492043 -79.702637 -0.410000 0.047512 0.714116 -1
0 -40.453949 -102.977226 -0.410000 0.139885 0.831511 -1
0 -31.301571 -120.445473 -0.410000 0.224109 0.919619 -1
0 -53.690460 14.527483 -0.410000 0.018081 0.238831 -1
0 -46.309509 37.408424 -0.410000 0.086000 0.123422 -1
0 0.752410 59.221046 -0.410000 0.519087 0.013402 -1
0 22.285072 56.549965 -0.410000 0.717238 0.026874 -1
0 36.328037 48.446411 -0.410000 0.846462 0.067748 -1
0 45.906403 40.146484 -0.410000 0.934604 0.109611 -1
0 -36.222210 48.725876 -0.410000 0.178828 0.066338 -1
0 51.426582 17.883089 -0.410000 0.985407 0.221905 -1
0 55.264679 -3.506630 -0.410000 1.020729 0.329793 -1
0 53.338795 -28.235546 -0.410000 1.002997 0.454522 -1
0 46.198414 -59.035980 -0.410000 0.937297 0.609876 -1
0 41.769840 -85.853432 -0.410000 0.896539 0.745140 -1
0 -54.674583 -56.329628 -0.410000 0.009023 0.596226 -1
0 -56.888870 -16.964567 -0.410000 -0.011356 0.397673 -1
0 26.171431 -122.758179 -0.410000 0.752994 0.931284 -1
0 37.390480 -104.158188 -0.410000 0.856235 0.837467 -1
1
-0.000000 -0.000000 1.000000
20
0 0 1 2 0 0 0 1
0 1 3 4 0 0 0 1
0 1 4 5 0 0 0 1
0 6 1 7 0 0 0 1
0 2 1 8 0 0 0 1
0 8 1 9 0 0 0 1
0 9 1 10 0 0 0 1
0 10 1 11 0 0 0 1
0 1 12 7 0 0 0 1
0 12 1 0 0 0 0 1
0 11 1 13 0 0 0 1
0 13 1 14 0 0 0 1
0 14 1 15 0 0 0 1
0 15 1 16 0 0 0 1
0 16 1 17 0 0 0 1
0 3 1 18 0 0 0 1
0 18 1 19 0 0 0 1
0 19 1 6 0 0 0 1
0 20 21 1 0 0 0 1
0 21 17 1 0 0 0 1
"arrow" 0 0
171
0 22.240850 -6.666217 7.099822 0.506067 0.485380 -1
0 24.643074 -6.475942 7.099823 0.506067 0.485380 -1
0 24.956896 -5.121552 7.099823 0.506067 0.485380 -1
0 0.196782 -7.046019 7.099819 0.506067 0.485380 -1
0 0.684261 -6.376930 7.099819 0.506067 0.485380 -1
0 -25.330772 -1.332133 7.099816 0.506067 0.485380 -1
0 4.018454 -24.268782 7.099820 0.506067 0.485380 -1
0 4.250021 -12.749475 7.062635 0.506067 0.485380 -1
0 -6.154837 -21.300562 7.099818 0.506067 0.485380 -1
0 2.185855 26.645504 7.099820 0.506067 0.485380 -1
0 1.559863 26.405239 7.099819 0.506067 0.485380 -1
0 2.653836 26.411514 7.099820 0.506067 0.485380 -1
0 -0.021135 9.002936 7.099819 0.506067 0.485380 -1
0 0.093566 9.725553 7.099819 0.506067 0.485380 -1
0 -17.077587 14.318002 7.099817 0.506067 0.485380 -1
0 24.782896 11.865621 -0.399998 0.506067 0.485380 -1
0 23.777973 8.379935 6.600002 0.506067 0.485380 -1
0 24.521236 7.884427 6.600002 0.506067 0.485380 -1
0 26.949230 2.582489 6.600002 0.506067 0.485380 -1
0 30.817497 -4.985444 -0.399998 0.506067 0.485380 -1
0 30.817497 4.500306 -0.399998 0.506067 0.485380 -1
0 26.536306 -7.030374 6.600002 0.506067 0.485380 -1
0 23.258684 -7.406960 6.600002 0.506067 0.485380 -1
0 25.174139 -10.767301 -0.399998 0.506067 0.485380 -1
0 15.336576 -7.217638 6.600001 0.506067 0.485380 -1
0 5.810349 11.153018 -0.399999 0.506067 0.485380 -1
0 0.561307 9.211728 6.599999 0.506067 0.485380 -1
0 15.357108 9.006233 6.600001 0.506067 0.485380 -1
0 5.484676 14.135098 6.599999 0.506067 0.485380 -1
0 2.416490 12.065856 6.599999 0.506067 0.485380 -1
0 14.101654 -17.288454 -0.399998 0.506067 0.485380 -1
0 13.196151 -15.862157 -0.399999 0.506067 0.485380 -1
0 11.835592 -19.099636 6.600000 0.506067 0.485380 -1
0 4.931144 30.772917 -0.400000 0.506067 0.485380 -1
0 2.808929 28.302675 6.599999 0.506067 0.485380 -1
0 3.451108 27.660496 6.599999 0.506067 0.485380 -1
0 1.751010 -28.066355 6.599999 0.506067 0.485380 -1
0 2.437289 -31.781496 -0.400000 0.506067 0.485380 -1
0 2.369404 -27.662020 6.599999 0.506067 0.485380 -1
0 -25.044498 8.613946 6.599996 0.506067 0.485380 -1
0 -23.403376 10.730757 6.599996 0.506067 0.485380 -1
0 -26.866127 13.092257 -0.400004 0.506067 0.485380 -1
0 -14.798176 -15.955340 6.599997 0.506067 0.485380 -1
0 -21.562460 -10.275626 6.599996 0.506067 0.485380 -1
0 -19.026121 -17.347137 -0.400003 0.506067 0.485380 -1
0 5.484151 14.135927 7.099820 0.506067 0.485380 -1
0 9.916501 16.816130 6.600000 0.506067 0.485380 -1
0 9.924150 16.822987 7.099821 0.506067 0.485380 -1
0 0.632660 10.115536 6.599999 0.506067 0.485380 -1
0 0.633803 10.113321 7.099819 0.506067 0.485380 -1
0 24.362286 5.449292 7.099823 0.506067 0.485380 -1
0 25.072515 3.252540 7.099823 0.506067 0.485380 -1
0 26.123381 5.472953 6.600002 0.506067 0.485380 -1
0 1.310512 27.779417 6.599999 0.506067 0.485380 -1
0 -11.872605 -16.791040 7.099817 0.506067 0.485380 -1
0 -18.636890 -10.854456 7.099817 0.506067 0.485380 -1
0 0.288543 -8.586835 7.099819 0.506067 0.485380 -1
0 0.938381 -9.012710 7.099819 0.506067 0.485380 -1
0 0.942339 -9.015053 6.599999 0.506067 0.485380 -1
0 1.727223 -10.132919 6.599999 0.506067 0.485380 -1
0 1.727124 -10.132712 7.146409 0.506067 0.485380 -1
0 4.248371 -12.749203 6.599999 0.506067 0.485380 -1
0 10.808208 -18.301264 7.099821 0.506067 0.485380 -1
0 10.816828 -18.302860 6.600000 0.506067 0.485380 -1
0 2.416780 12.063990 7.099819 0.506067 0.485380 -1
0 22.049913 8.092004 7.099822 0.506067 0.485380 -1
0 15.399796 8.291793 7.099821 0.506067 0.485380 -1
0 0.850592 8.291790 7.099819 0.506067 0.485380 -1
0 8.453829 -6.309452 7.099820 0.506067 0.485380 -1
0 -25.711323 1.093876 7.099816 0.506067 0.485380 -1
0 1.603924 -6.047825 7.099819 0.506067 0.485380 -1
0 18.958605 -6.785139 7.099822 0.506067 0.485380 -1
0 25.485439 -1.636477 7.099823 0.506067 0.485380 -1
0 23.073963 7.398292 7.099822 0.506067 0.485380 -1
0 23.800709 6.506376 7.099822 0.506067 0.485380 -1
0 25.452406 1.633878 7.099823 0.506067 0.485380 -1
0 -24.878870 -3.377593 7.099816 0.506067 0.485380 -1
0 -22.286369 -7.611215 7.099816 0.506067 0.485380 -1
0 -23.903709 -5.589541 7.099816 0.506067 0.485380 -1
0 0.024731 -8.036271 7.099819 0.506067 0.485380 -1
0 0.255344 -25.873676 7.099819 0.506067 0.485380 -1
0 1.177540 -26.438005 7.099819 0.506067 0.485380 -1
0 1.838218 -26.052610 7.099819 0.506067 0.485380 -1
0 7.823958 -20.859684 7.099820 0.506067 0.485380 -1
0 -5.575454 22.338106 7.099818 0.506067 0.485380 -1
0 -21.311211 10.916833 7.099816 0.506067 0.485380 -1
0 -23.309099 8.633530 7.099816 0.506067 0.485380 -1
0 0.288557 8.440902 7.099819 0.506067 0.485380 -1
0 -24.974009 6.159953 7.099816 0.506067 0.485380 -1
0 -25.735109 3.567452 7.099816 0.506067 0.485380 -1
0 22.175303 8.788210 6.600002 0.506067 0.485380 -1
0 23.087038 8.629647 6.600002 0.506067 0.485380 -1
0 27.301727 10.750730 -0.399998 0.506067 0.485380 -1
0 26.104250 11.466462 -0.399998 0.506067 0.485380 -1
0 29.011150 9.088334 -0.399998 0.506067 0.485380 -1
0 28.485439 9.814772 -0.399998 0.506067 0.485380 -1
0 25.347084 6.959478 6.600002 0.506067 0.485380 -1
0 30.119925 7.090631 -0.399998 0.506067 0.485380 -1
0 29.756706 7.979562 -0.399998 0.506067 0.485380 -1
0 30.492702 5.934065 -0.399998 0.506067 0.485380 -1
0 26.618891 3.887328 6.600002 0.506067 0.485380 -1
0 26.982264 -3.958221 6.600002 0.506067 0.485380 -1
0 26.025988 -10.640076 -0.399998 0.506067 0.485380 -1
0 27.265039 -10.247340 -0.399998 0.506067 0.485380 -1
0 28.006260 -9.948640 -0.399998 0.506067 0.485380 -1
0 28.891359 -9.474879 -0.399998 0.506067 0.485380 -1
0 29.624182 -8.987913 -0.399998 0.506067 0.485380 -1
0 30.168301 -8.318544 -0.399998 0.506067 0.485380 -1
0 30.445145 -7.240885 -0.399998 0.506067 0.485380 -1
0 6.234898 -10.546198 -0.400000 0.506067 0.485380 -1
0 7.755016 -10.528889 -0.399999 0.506067 0.485380 -1
0 7.880515 12.541400 -0.399999 0.506067 0.485380 -1
0 10.238170 14.227862 -0.399999 0.506067 0.485380 -1
0 12.154761 15.506722 -0.399999 0.506067 0.485380 -1
0 13.072877 16.258894 -0.399999 0.506067 0.485380 -1
0 13.668444 17.371603 -0.399999 0.506067 0.485380 -1
0 11.264282 17.635370 6.600000 0.506067 0.485380 -1
0 13.668608 18.674253 -0.399998 0.506067 0.485380 -1
0 10.726140 -13.992545 -0.399999 0.506067 0.485380 -1
0 1.330487 -6.878861 6.599999 0.506067 0.485380 -1
0 0.914810 -7.242233 6.599999 0.506067 0.485380 -1
0 0.749641 -7.889147 6.599999 0.506067 0.485380 -1
0 13.620663 -20.966589 -0.399999 0.506067 0.485380 -1
0 14.287968 -18.977667 -0.399998 0.506067 0.485380 -1
0 6.590649 23.664717 6.599999 0.506067 0.485380 -1
0 7.408685 28.088911 -0.399999 0.506067 0.485380 -1
0 5.729463 30.181059 -0.400000 0.506067 0.485380 -1
0 3.706137 31.185841 -0.400000 0.506067 0.485380 -1
0 2.153544 31.400560 -0.400000 0.506067 0.485380 -1
0 1.079943 31.235392 -0.400000 0.506067 0.485380 -1
0 -0.670853 30.442577 -0.400000 0.506067 0.485380 -1
0 2.024045 28.278891 6.599999 0.506067 0.485380 -1
0 1.132616 -28.280415 6.599999 0.506067 0.485380 -1
0 0.585575 -27.971218 6.599999 0.506067 0.485380 -1
0 -0.015079 -31.980093 -0.400000 0.506067 0.485380 -1
0 1.144087 -32.053860 -0.400000 0.506067 0.485380 -1
0 8.364769 -27.313707 -0.399999 0.506067 0.485380 -1
0 3.725115 -26.805780 6.599999 0.506067 0.485380 -1
0 12.244099 -22.925535 -0.399999 0.506067 0.485380 -1
0 9.171741 -22.025118 6.600000 0.506067 0.485380 -1
0 6.555457 -24.308418 6.599999 0.506067 0.485380 -1
0 -5.779141 23.669474 6.599998 0.506067 0.485380 -1
0 -4.618402 28.262341 -0.400001 0.506067 0.485380 -1
0 -17.736944 20.612484 -0.400003 0.506067 0.485380 -1
0 -21.038792 18.380955 -0.400003 0.506067 0.485380 -1
0 -16.006428 16.534153 6.599997 0.506067 0.485380 -1
0 -24.590723 15.645764 -0.400004 0.506067 0.485380 -1
0 -21.120073 12.752431 6.599996 0.506067 0.485380 -1
0 -28.429211 11.128800 -0.400004 0.506067 0.485380 -1
0 -29.485212 9.218699 -0.400004 0.506067 0.485380 -1
0 -30.441225 6.702843 -0.400004 0.506067 0.485380 -1
0 -26.281286 6.616055 6.599996 0.506067 0.485380 -1
0 -30.832884 3.522553 -0.400004 0.506067 0.485380 -1
0 -27.089956 3.738142 6.599995 0.506067 0.485380 -1
0 -30.906029 1.045012 -0.400004 0.506067 0.485380 -1
0 -27.327799 0.979152 6.599995 0.506067 0.485380 -1
0 -26.899679 -1.399288 6.599995 0.506067 0.485380 -1
0 -30.639725 -1.466940 -0.400004 0.506067 0.485380 -1
0 -29.770941 -3.898601 -0.400004 0.506067 0.485380 -1
0 -29.027294 -5.774798 -0.400004 0.506067 0.485380 -1
0 -26.414478 -3.054682 6.599995 0.506067 0.485380 -1
0 -28.135378 -7.409976 -0.400004 0.506067 0.485380 -1
0 -25.615320 -5.024030 6.599996 0.506067 0.485380 -1
0 -25.792631 -10.758840 -0.400004 0.506067 0.485380 -1
0 -24.102634 -7.678370 6.599996 0.506067 0.485380 -1
0 -11.012699 -23.900541 -0.400002 0.506067 0.485380 -1
0 -5.346306 -28.396929 -0.400001 0.506067 0.485380 -1
0 -8.205140 -21.463806 6.599998 0.506067 0.485380 -1
0 -2.927055 -30.315794 -0.400001 0.506067 0.485380 -1
0 -2.839378 -25.602293 6.599998 0.506067 0.485380 -1
0 -24.930330 -6.394012 6.599996 0.506067 0.485380 -1
170
0.012617 -0.220228 0.975367
0.089286 -0.290778 0.952616
0.153286 -0.026775 0.987819
0.177817 -0.076391 0.981094
0.177976 -0.226398 0.957637
-0.133483 -0.029819 0.990602
0.078065 -0.089605 0.992913
0.419857 0.429301 0.799638
-0.076833 -0.098004 0.992216
0.005491 0.233363 0.972374
-0.082005 0.160667 0.983596
0.227328 0.194312 0.954235
0.261680 0.042632 0.964213
0.479035 -0.238950 0.844647
-0.098996 0.132987 0.986161
0.203748 0.875356 0.438450
0.306146 0.606883 0.733462
0.393689 0.562704 0.726893
0.579875 0.054637 0.812871
0.871345 -0.065932 0.486222
0.850801 0.133730 0.508187
0.464186 -0.601862 0.649842
0.032099 -0.702582 0.710878
0.050126 -0.895342 0.442549
-0.024673 -0.831088 0.555593
0.710823 -0.056592 0.701090
0.434227 0.244736 0.866920
0.007464 0.755383 0.655241
0.529365 -0.820490 0.215798
0.615466 -0.706416 0.349539
0.879498 0.306539 0.364028
0.633556 0.648390 0.422133
0.823995 -0.028069 0.565902
0.497983 0.756588 0.423778
0.152290 0.768339 0.621661
0.498926 0.496349 0.710430
0.203581 -0.474899 0.856169
0.401582 -0.794962 0.454717
0.309038 -0.485881 0.817567
-0.557401 0.380288 0.738027
-0.466997 0.429889 0.772728
-0.663752 0.544034 0.513284
-0.423710 -0.506467 0.750974
-0.451908 -0.482858 0.750084
-0.585414 -0.668616 0.458523
0.380673 -0.595309 0.707598
0.610122 -0.642497 0.463624
0.791495 -0.151417 0.592122
0.702715 -0.564687 0.432805
0.367867 -0.414037 0.832615
0.135901 0.062293 0.988762
0.159379 0.044700 0.986205
0.607091 0.235591 0.758905
-0.342025 0.578410 0.740581
-0.139348 -0.167033 0.976054
-0.083159 -0.095757 0.991925
0.413658 0.288573 0.863489
0.433127 0.403701 0.805870
0.784478 0.480188 0.392446
0.763335 0.630169 0.142154
0.540362 0.451913 0.709777
0.651593 0.730342 0.205003
0.834844 0.331854 0.439213
0.644590 0.400312 0.651347
0.568014 -0.607768 0.554958
0.056799 0.311610 0.948511
0.002559 0.170278 0.985393
0.020897 0.231307 0.972656
-0.026000 -0.444046 0.895626
-0.081488 -0.009413 0.996630
0.125541 -0.367504 0.921510
-0.003445 -0.248036 0.968745
0.150882 -0.005861 0.988534
0.172123 0.255927 0.951249
0.154969 0.114784 0.981229
0.150137 0.017343 0.988513
-0.197924 -0.070500 0.977679
-0.102920 -0.098587 0.989792
-0.242731 -0.141689 0.959691
0.347353 0.000596 0.937734
-0.085270 -0.126874 0.988247
0.024918 -0.210979 0.977173
0.095378 -0.142360 0.985209
0.243011 -0.245233 0.938513
-0.090334 0.138051 0.986297
-0.103726 0.111837 0.988298
-0.160556 0.123752 0.979238
0.145072 0.170822 0.974564
-0.181675 0.093922 0.978863
-0.262221 0.043700 0.964018
0.077635 0.761477 0.643526
0.196823 0.636443 0.745789
0.546282 0.671468 0.500707
0.352702 0.798259 0.488246
0.702204 0.489964 0.516570
0.617419 0.591818 0.518214
0.549301 0.416942 0.724173
0.800010 0.291878 0.524206
0.751877 0.398371 0.525340
0.820007 0.234974 0.521896
0.647816 0.173038 0.741884
0.556239 -0.042355 0.829942
0.203362 -0.876174 0.436993
0.306385 -0.852438 0.423648
0.383735 -0.820951 0.422832
0.464015 -0.776053 0.427121
0.509240 -0.441335 0.738849
0.000000 0.000000 1.000000
0.637349 -0.198933 0.744455
0.624142 -0.273036 0.732050
-0.000980 -0.903553 0.428474
0.519924 -0.784283 0.338495
0.539816 -0.781169 0.313645
0.563242 -0.760796 0.322411
0.660375 -0.681753 0.314830
0.917488 -0.230993 0.323817
0.788051 -0.180102 0.588675
0.849042 0.374878 0.372284
0.563714 0.714331 0.414679
0.395079 -0.528452 0.751433
0.544679 -0.298183 0.783844
0.673874 0.032595 0.738127
0.843223 -0.425503 0.328515
0.939427 -0.101584 0.327348
0.506293 0.368146 0.779831
0.724427 0.542529 0.425286
0.623929 0.648221 0.436488
0.210464 0.894136 0.395253
-0.065868 0.700428 0.710678
-0.289763 0.759377 0.582567
-0.210091 0.635652 0.742838
-0.004051 -0.756911 0.653505
-0.270733 -0.480722 0.834033
-0.313977 -0.817228 0.483277
0.063618 -0.878423 0.473630
0.607240 -0.673337 0.421755
0.388867 -0.514763 0.764069
0.716279 -0.592700 0.368307
0.455859 -0.423038 0.783091
0.377651 -0.429407 0.820360
-0.350580 0.568312 0.744389
-0.447517 0.782923 0.432156
-0.472696 0.727521 0.497264
-0.497724 0.684008 0.533296
-0.373855 0.529262 0.761653
-0.573627 0.625927 0.528363
-0.399700 0.500029 0.768252
-0.712683 0.475734 0.515519
-0.768953 0.394238 0.503277
-0.846008 0.218365 0.486403
-0.594093 0.243912 0.766525
-0.880719 0.067142 0.468856
-0.737381 0.100815 0.667912
-0.887713 0.002850 0.460389
-0.645631 -0.036122 0.762795
-0.626058 -0.162062 0.762750
-0.869234 -0.184347 0.458746
-0.845581 -0.294573 0.445218
-0.820322 -0.367156 0.438484
-0.626784 -0.218667 0.747881
-0.778510 -0.463175 0.423547
-0.611703 -0.289243 0.736314
-0.676230 -0.602153 0.424411
-0.534545 -0.412890 0.737417
-0.558960 -0.685461 0.466590
-0.545827 -0.694483 0.468793
-0.412777 -0.516180 0.750449
-0.494300 -0.725111 0.479459
-0.383713 -0.515266 0.766333
-0.592495 -0.337689 0.731379
277
0 0 1 2 0 1 2 1
0 3 4 5 3 4 5 1
0 6 7 8 6 7 8 1
0 9 10 11 9 10 11 1
0 12 13 14 12 13 14 1
0 15 16 17 15 16 17 1
0 18 19 20 18 19 20 1
0 21 22 23 21 22 23 1
0 23 22 24 23 22 24 1
0 25 26 27 25 26 27 1
0 28 29 25 28 29 25 1
0 30 31 32 30 31 32 1
0 33 34 35 33 34 35 1
0 36 37 38 36 37 38 1
0 39 40 41 39 40 41 1
0 42 43 44 42 43 44 1
0 45 46 47 45 46 47 1
0 48 49 13 48 49 13 1
0 1 0 22 1 0 22 1
0 50 51 52 50 51 52 1
0 10 9 53 10 9 53 1
0 54 55 42 54 55 42 1
0 56 57 58 56 57 58 1
0 59 57 60 59 57 60 1
0 7 59 60 7 59 60 1
0 61 62 63 61 62 63 1
0 29 45 64 29 45 64 1
0 64 48 29 64 48 29 1
0 65 66 50 65 66 50 1
0 66 67 68 66 67 68 1
0 67 69 70 67 69 70 1
0 68 71 66 68 71 66 1
0 71 0 72 71 0 72 1
0 66 51 50 66 51 50 1
0 67 70 68 67 70 68 1
0 73 65 74 73 65 74 1
0 50 74 65 50 74 65 1
0 75 51 71 75 51 71 1
0 71 51 66 71 51 66 1
0 2 72 0 2 72 0 1
0 72 75 71 72 75 71 1
0 70 69 4 70 69 4 1
0 69 5 4 69 5 4 1
0 5 76 77 5 76 77 1
0 76 78 77 76 78 77 1
0 77 55 3 77 55 3 1
0 5 77 3 5 77 3 1
0 55 57 56 55 57 56 1
0 55 56 79 55 56 79 1
0 55 79 3 55 79 3 1
0 80 81 82 80 81 82 1
0 82 6 80 82 6 80 1
0 6 83 7 6 83 7 1
0 80 6 8 80 6 8 1
0 83 62 7 83 62 7 1
0 60 57 8 60 57 8 1
0 57 55 54 57 55 54 1
0 7 60 8 7 60 8 1
0 54 8 57 54 8 57 1
0 10 84 45 10 84 45 1
0 84 14 49 84 14 49 1
0 64 84 49 64 84 49 1
0 45 47 11 45 47 11 1
0 64 45 84 64 45 84 1
0 10 45 11 10 45 11 1
0 13 49 14 13 49 14 1
0 14 85 12 14 85 12 1
0 85 86 69 85 86 69 1
0 12 85 87 12 85 87 1
0 86 88 69 86 88 69 1
0 88 89 69 88 89 69 1
0 69 67 87 69 67 87 1
0 69 87 85 69 87 85 1
0 15 90 91 15 90 91 1
0 15 91 16 15 91 16 1
0 92 93 17 92 93 17 1
0 93 15 17 93 15 17 1
0 94 95 96 94 95 96 1
0 95 92 96 95 92 96 1
0 97 98 52 97 98 52 1
0 98 94 96 98 94 96 1
0 20 99 100 20 99 100 1
0 99 97 52 99 97 52 1
0 100 18 20 100 18 20 1
0 52 100 99 52 100 99 1
0 98 96 52 98 96 52 1
0 96 92 17 96 92 17 1
0 18 101 19 18 101 19 1
0 23 102 21 23 102 21 1
0 102 103 21 102 103 21 1
0 103 104 21 103 104 21 1
0 104 105 21 104 105 21 1
0 105 106 21 105 106 21 1
0 106 107 108 106 107 108 1
0 21 106 108 21 106 108 1
0 108 19 21 108 19 21 1
0 19 101 21 19 101 21 1
0 24 109 110 24 109 110 1
0 110 23 24 110 23 24 1
0 90 15 27 90 15 27 1
0 15 25 27 15 25 27 1
0 48 26 29 48 26 29 1
0 26 25 29 26 25 29 1
0 25 111 28 25 111 28 1
0 111 112 46 111 112 46 1
0 112 113 46 112 113 46 1
0 113 114 46 113 114 46 1
0 114 115 116 114 115 116 1
0 117 116 115 117 116 115 1
0 116 46 114 116 46 114 1
0 46 28 111 46 28 111 1
0 31 118 63 31 118 63 1
0 118 109 61 118 109 61 1
0 31 63 32 31 63 32 1
0 109 119 120 109 119 120 1
0 120 121 109 120 121 109 1
0 121 58 109 121 58 109 1
0 58 59 109 58 59 109 1
0 59 61 109 59 61 109 1
0 61 63 118 61 63 118 1
0 32 122 123 32 122 123 1
0 123 30 32 123 30 32 1
0 124 116 117 124 116 117 1
0 117 125 124 117 125 124 1
0 125 126 35 125 126 35 1
0 124 125 35 124 125 35 1
0 126 33 35 126 33 35 1
0 33 127 34 33 127 34 1
0 127 128 34 127 128 34 1
0 128 129 130 128 107 129 1
0 34 128 130 34 128 129 1
0 130 53 131 129 53 130 1
0 130 131 34 129 130 34 1
0 132 133 134 131 132 133 1
0 134 135 132 133 134 131 1
0 135 37 132 134 37 131 1
0 132 37 36 131 37 36 1
0 37 136 137 37 135 136 1
0 136 138 139 135 137 138 1
0 37 137 38 37 136 38 1
0 138 122 32 137 122 32 1
0 139 140 136 138 139 135 1
0 140 137 136 139 136 135 1
0 138 32 139 137 32 138 1
0 141 53 142 140 53 141 1
0 53 130 142 53 129 141 1
0 142 143 141 141 142 140 1
0 143 144 145 142 143 144 1
0 144 146 147 143 145 146 1
0 145 144 147 144 143 146 1
0 146 41 40 145 41 40 1
0 41 148 39 41 147 39 1
0 146 40 147 145 40 146 1
0 148 149 39 147 148 39 1
0 149 150 151 148 149 150 1
0 39 149 151 39 148 150 1
0 150 152 153 149 151 152 1
0 152 154 153 151 153 152 1
0 150 153 151 149 152 150 1
0 154 155 153 153 154 152 1
0 145 141 143 144 140 142 1
0 156 155 157 155 154 156 1
0 155 154 157 154 153 156 1
0 157 158 156 156 157 155 1
0 158 159 160 157 158 159 1
0 159 161 162 158 160 161 1
0 160 159 162 159 158 161 1
0 161 163 164 160 162 163 1
0 163 44 43 162 44 43 1
0 44 165 42 44 164 42 1
0 165 166 167 164 165 166 1
0 164 163 43 163 162 43 1
0 166 168 169 165 167 168 1
0 168 134 133 167 133 132 1
0 169 168 133 168 167 132 1
0 169 167 166 168 166 165 1
0 162 161 170 161 160 169 1
0 160 156 158 159 155 157 1
0 170 161 164 169 160 163 1
0 167 42 165 166 42 164 1
0 45 28 46 45 28 46 1
0 79 56 121 79 56 121 1
0 56 58 121 56 58 121 1
0 4 3 120 4 3 120 1
0 3 79 120 3 79 120 1
0 68 70 109 68 70 109 1
0 70 4 119 70 4 119 1
0 109 70 119 109 70 119 1
0 71 68 24 71 68 24 1
0 79 121 120 79 121 120 1
0 4 120 119 4 120 119 1
0 109 24 68 109 24 68 1
0 24 22 71 24 22 71 1
0 22 21 1 22 21 1 1
0 71 22 0 71 22 0 1
0 12 87 26 12 87 26 1
0 87 67 26 87 67 26 1
0 67 66 27 67 66 27 1
0 26 67 27 26 67 27 1
0 48 13 26 48 13 26 1
0 13 12 26 13 12 26 1
0 90 27 65 90 27 65 1
0 65 27 66 65 27 66 1
0 91 90 65 91 90 65 1
0 17 16 73 17 16 73 1
0 16 91 73 16 91 73 1
0 52 96 50 52 96 50 1
0 96 17 74 96 17 74 1
0 18 100 51 18 100 51 1
0 100 52 51 100 52 51 1
0 21 101 2 21 101 2 1
0 101 18 72 101 18 72 1
0 2 1 21 2 1 21 1
0 72 2 101 72 2 101 1
0 72 18 75 72 18 75 1
0 96 74 50 96 74 50 1
0 91 65 73 91 65 73 1
0 75 18 51 75 18 51 1
0 17 73 74 17 73 74 1
0 151 153 89 150 152 89 1
0 153 155 89 152 154 89 1
0 151 89 88 150 89 88 1
0 155 69 89 154 69 89 1
0 39 151 88 39 150 88 1
0 147 40 85 146 40 85 1
0 40 39 86 40 39 86 1
0 85 40 86 85 40 86 1
0 141 145 84 140 144 84 1
0 145 147 14 144 146 14 1
0 34 131 9 34 130 9 1
0 131 53 9 130 53 9 1
0 53 141 10 53 140 10 1
0 145 14 84 144 14 84 1
0 39 88 86 39 88 86 1
0 14 147 85 14 146 85 1
0 35 34 9 35 34 9 1
0 116 124 46 116 124 46 1
0 124 35 11 124 35 11 1
0 46 124 11 46 124 11 1
0 11 47 46 11 47 46 1
0 9 11 35 9 11 35 1
0 141 84 10 140 84 10 1
0 139 32 63 138 32 63 1
0 63 62 83 63 62 83 1
0 63 83 139 63 83 138 1
0 83 6 140 83 6 139 1
0 140 139 83 139 138 83 1
0 38 137 82 38 136 82 1
0 137 140 6 136 139 6 1
0 132 36 133 131 36 132 1
0 36 38 81 36 38 81 1
0 169 133 80 168 132 80 1
0 80 133 81 80 132 81 1
0 42 167 54 42 166 54 1
0 167 169 8 166 168 8 1
0 164 43 77 163 43 77 1
0 43 42 55 43 42 55 1
0 162 170 78 161 169 78 1
0 170 164 78 169 163 78 1
0 156 160 5 155 159 5 1
0 160 162 76 159 161 76 1
0 69 155 156 69 154 155 1
0 5 69 156 5 69 155 1
0 160 76 5 159 76 5 1
0 76 162 78 76 161 78 1
0 43 55 77 43 55 77 1
0 167 8 54 166 8 54 1
0 36 81 133 36 81 132 1
0 137 6 82 136 6 82 1
0 8 169 80 8 168 80 1
0 38 82 81 38 82 81 1
0 77 78 164 77 78 163 1
0 59 58 57 59 58 57 1
0 7 61 59 7 61 59 1
0 61 7 62 61 7 62 1
0 29 28 45 29 28 45 1
0 64 49 48 64 49 48 1

Materials: 2
"black"
0.000000 0.000000 0.000000 1.000000
0.000000 0.000000 0.000000 1.000000
0.000000 0.000000 0.000000 1.000000
0.000000 0.000000 0.000000 1.000000
0.000000
1.000000
"textures/Tap Mine parts.png"
""
"fire"
0.200000 0.200000 0.200000 1.000000
0.800000 0.800000 0.800000 1.000000
0.000000 0.000000 0.000000 1.000000
0.000000 0.000000 0.000000 1.000000
0.000000
1.000000
"textures/_mine flame.ini"
""

Bones: 0
GroupComments: 0
MaterialComments: 0
BoneComments: 0
ModelComment: 0
