// MilkShape 3D ASCII

Frames: 30
Frame: 1

Meshes: 4
"shell" 0 0
146
0 -6.265416 21.131372 8.499998 0.125753 0.048800 -1
0 4.702659 24.654881 2.000000 0.064191 0.044632 -1
0 -4.702659 24.654881 2.000000 0.064191 0.048206 -1
0 -10.231374 21.351585 8.499999 0.121905 0.050307 -1
0 -13.642317 2.654880 2.000000 0.448570 0.051603 -1
0 -10.231374 -0.868626 8.500002 0.510132 0.050307 -1
0 13.554880 2.654880 1.999998 0.448570 0.041268 -1
0 10.231374 21.351585 8.499998 0.121905 0.042531 -1
0 10.231374 -0.868626 8.500002 0.510132 0.042531 -1
0 22.822205 -0.868626 8.499996 0.510132 0.037746 -1
0 26.440815 2.654880 1.999997 0.448570 0.036371 -1
0 28.869265 0.048736 2.000001 0.494104 0.035449 -1
0 -22.847815 -0.868626 8.500000 0.510132 0.055101 -1
0 -26.440815 2.654880 1.999997 0.448570 0.056467 -1
0 -28.869265 0.048736 2.000003 0.494104 0.057389 -1
0 0.000000 -28.543825 1.999991 0.993667 0.046419 -1
0 -8.373116 23.155720 8.500000 0.090384 0.049601 -1
0 -8.371966 28.181446 1.999999 0.002576 0.049600 -1
0 -13.557935 23.213419 2.000003 0.089376 0.051571 -1
0 8.373116 23.155720 8.499999 0.090384 0.043237 -1
0 13.554880 23.361710 2.000000 0.086785 0.041268 -1
0 8.386394 28.195313 2.000000 0.002333 0.043232 -1
0 6.265416 21.131372 8.499998 0.125753 0.044038 -1
0 4.334746 25.568626 -0.000000 0.891570 0.003987 -1
0 -4.000000 26.400000 -0.000002 0.864112 0.003987 -1
0 -4.334746 25.568626 -0.000000 0.850064 0.003987 -1
0 -6.265416 21.131372 8.499998 0.141654 0.070545 -1
0 6.600000 20.299999 7.499999 0.178412 0.075669 -1
0 6.265416 21.131372 8.499998 0.176593 0.070545 -1
0 -6.265416 21.131372 8.499998 0.097475 0.076663 -1
0 -8.370000 22.000000 7.499999 0.087679 0.074641 -1
0 -6.600000 20.299999 7.499999 0.095918 0.078598 -1
0 -8.370936 29.447803 -0.000001 0.746114 0.003987 -1
0 -8.370000 30.600000 -0.000002 0.752167 0.003987 -1
0 -15.300000 23.961235 0.000002 0.540170 0.003987 -1
0 -14.470081 23.604977 0.000003 0.549559 0.003987 -1
0 -10.231374 -0.868626 8.500002 0.825730 0.069159 -1
0 -9.400000 21.000000 7.499999 0.990848 0.076210 -1
0 -10.231374 21.351585 8.499999 0.993502 0.069159 -1
0 -10.231374 21.351585 8.499999 0.018468 0.076150 -1
0 -8.370000 22.000000 7.499999 0.027132 0.074641 -1
0 -8.373116 23.155720 8.500000 0.027117 0.071951 -1
0 -15.380289 4.400000 -0.000002 0.284298 0.003987 -1
0 -14.552320 3.568626 -0.000000 0.284925 0.003987 -1
0 8.377810 29.454409 0.000000 0.969482 0.003987 -1
0 4.000000 26.400000 -0.000002 0.904679 0.003987 -1
0 15.300000 24.119019 -0.000003 0.948583 0.003987 -1
0 8.370000 30.600000 -0.000002 0.990074 0.003987 -1
0 10.231374 21.351585 8.499998 0.279734 0.075174 -1
0 8.370000 22.000000 7.499999 0.271069 0.073664 -1
0 9.400000 21.000000 7.499999 0.275864 0.075992 -1
0 14.468626 23.758238 -0.000000 0.935527 0.003987 -1
0 15.300000 4.400000 -0.000005 0.682677 0.003987 -1
0 10.231374 -0.868626 8.500002 0.335466 0.073802 -1
0 9.400000 21.000000 7.499999 0.420295 0.072190 -1
0 9.400000 -1.700000 7.500001 0.332241 0.072190 -1
0 10.231374 -0.868626 8.500002 0.446185 0.073345 -1
0 20.799999 -1.700000 7.499995 0.487181 0.074957 -1
0 22.822205 -0.868626 8.499996 0.495025 0.073345 -1
0 26.838326 3.568626 -0.000003 0.817802 0.003987 -1
0 14.468626 3.568626 -0.000003 0.660896 0.003987 -1
0 30.141998 0.023218 0.000001 0.814092 0.003987 -1
0 27.200001 4.400000 -0.000005 0.833212 0.003987 -1
0 0.188448 -23.264502 8.499993 0.744814 0.076410 -1
0 -20.799999 -1.700000 7.500001 0.639852 0.074766 -1
0 -22.847815 -0.868626 8.500000 0.632688 0.076089 -1
0 -20.799999 -1.700000 7.500001 0.766468 0.074387 -1
0 -10.231374 -0.868626 8.500002 0.800632 0.073043 -1
0 -22.847815 -0.868626 8.500000 0.759849 0.073043 -1
0 -30.141998 0.023218 0.000002 0.036504 0.003987 -1
0 -27.200001 4.400000 -0.000005 0.131534 0.003987 -1
0 -31.299999 0.000000 0.000000 0.021257 0.003987 -1
0 0.000000 -29.829880 -0.000008 0.036500 0.003987 -1
0 0.000000 -31.000000 -0.000010 0.021257 0.003987 -1
0 20.799999 -1.700000 7.499995 0.613873 0.073685 -1
0 0.188448 -23.264502 8.499993 0.507609 0.075201 -1
0 22.822205 -0.868626 8.499996 0.621074 0.075304 -1
0 31.299999 0.000000 0.000000 0.828640 0.003987 -1
0 -26.838326 3.568626 -0.000003 0.125355 0.003987 -1
0 6.265416 21.131372 8.499998 0.214398 0.075686 -1
0 8.370000 22.000000 7.499999 0.224194 0.073664 -1
0 8.373116 23.155720 8.499999 0.224209 0.070975 -1
0 4.702659 24.654881 2.000000 0.128974 0.030267 -1
0 -4.334746 25.568626 -0.000000 0.183594 0.010110 -1
0 -4.702659 24.654881 2.000000 0.128667 0.009076 -1
0 -8.371966 28.181446 1.999999 0.074457 0.030495 -1
0 -4.334746 25.568626 -0.000000 0.115286 0.008128 -1
0 -8.370936 29.447803 -0.000001 0.066875 0.008128 -1
0 -8.371966 28.181446 1.999999 0.050816 0.030807 -1
0 -14.470081 23.604977 0.000003 0.007872 0.008083 -1
0 -13.557935 23.213419 2.000003 0.008449 0.030807 -1
0 -13.557935 23.213419 2.000003 0.996466 0.030483 -1
0 -14.552320 3.568626 -0.000000 0.942513 0.008797 -1
0 -13.642317 2.654880 2.000000 0.940014 0.030483 -1
0 8.386394 28.195313 2.000000 0.239765 0.030666 -1
0 4.334746 25.568626 -0.000000 0.196588 0.008032 -1
0 4.702659 24.654881 2.000000 0.193237 0.030666 -1
0 8.386394 28.195313 2.000000 0.255049 0.030875 -1
0 14.468626 23.758238 -0.000000 0.309757 0.008118 -1
0 8.377810 29.454409 0.000000 0.253876 0.008409 -1
0 13.554880 23.361710 2.000000 0.428703 0.008825 -1
0 14.468626 3.568626 -0.000003 0.321787 0.030000 -1
0 14.468626 23.758238 -0.000000 0.430845 0.030000 -1
0 26.440815 2.654880 1.999997 0.495318 0.030599 -1
0 14.468626 3.568626 -0.000003 0.443448 0.008446 -1
0 13.554880 2.654880 1.999998 0.439489 0.030599 -1
0 26.440815 2.654880 1.999997 0.511756 0.030231 -1
0 28.869265 0.048736 2.000001 0.551122 0.030314 -1
0 30.141998 0.023218 0.000001 0.556804 0.009307 -1
0 0.000000 -28.543825 1.999991 0.696102 0.029878 -1
0 -30.141998 0.023218 0.000002 0.806836 0.009471 -1
0 0.000000 -29.829880 -0.000008 0.693688 0.009471 -1
0 0.000000 -28.543825 1.999991 0.677960 0.029445 -1
0 30.141998 0.023218 0.000001 0.568133 0.008605 -1
0 28.869265 0.048736 2.000001 0.570478 0.029445 -1
0 -14.552320 3.568626 -0.000000 0.931814 0.008266 -1
0 -26.440815 2.654880 1.999997 0.880409 0.030404 -1
0 -13.642317 2.654880 2.000000 0.935749 0.030404 -1
0 0.188448 -23.264502 8.499993 0.901428 0.046347 -1
0 -6.600000 20.299999 7.499999 0.139835 0.075669 -1
0 -8.373116 23.155720 8.500000 0.087664 0.071951 -1
0 -9.400000 -1.700000 7.500001 0.819453 0.076210 -1
0 -9.400000 21.000000 7.499999 0.022337 0.076968 -1
0 8.373116 23.155720 8.499999 0.271084 0.070975 -1
0 10.231374 21.351585 8.499998 0.421658 0.073802 -1
0 9.400000 -1.700000 7.500001 0.442960 0.074957 -1
0 0.183318 -22.100000 7.499992 0.741986 0.075058 -1
0 -9.400000 -1.700000 7.500001 0.803319 0.074387 -1
0 0.183318 -22.100000 7.499992 0.510520 0.073591 -1
0 6.600000 20.299999 7.499999 0.215955 0.077621 -1
0 4.334746 25.568626 -0.000000 0.183901 0.028937 -1
0 -4.702659 24.654881 2.000000 0.118468 0.030495 -1
0 -8.370936 29.447803 -0.000001 0.052120 0.008083 -1
0 -14.470081 23.604977 0.000003 0.997531 0.008797 -1
0 8.377810 29.454409 0.000000 0.247654 0.008032 -1
0 13.554880 23.361710 2.000000 0.302468 0.030627 -1
0 13.554880 2.654880 1.999998 0.316851 0.008825 -1
0 26.838326 3.568626 -0.000003 0.497040 0.008446 -1
0 26.838326 3.568626 -0.000003 0.503251 0.009195 -1
0 -26.838326 3.568626 -0.000003 0.873347 0.008211 -1
0 -30.141998 0.023218 0.000002 0.813909 0.008112 -1
0 -26.440815 2.654880 1.999997 0.863941 0.030855 -1
0 -28.869265 0.048736 2.000003 0.804472 0.029878 -1
0 0.000000 -29.829880 -0.000008 0.680354 0.008605 -1
0 -26.838326 3.568626 -0.000003 0.878691 0.008266 -1
0 -28.869265 0.048736 2.000003 0.820250 0.030782 -1
50
-0.034300 -0.091100 0.995300
-0.325300 0.814700 0.480100
0.325300 0.814700 0.480100
-0.273200 0.102200 0.956500
-0.578100 0.574000 0.579900
0.166500 -0.164800 0.972200
0.581900 0.572500 0.577600
0.273200 0.095600 0.957200
-0.165900 -0.163000 0.972600
-0.000000 0.710000 0.704300
0.577800 0.538400 0.613500
-0.000000 0.711800 0.702400
-0.578600 0.539100 0.612100
-0.616200 -0.622100 0.483000
0.615400 -0.621400 0.484900
-0.000000 0.394700 0.918800
0.000700 0.825600 0.564200
-0.809100 0.351700 0.470800
-0.004200 0.392900 0.919600
0.806000 0.355200 0.473500
-0.005100 0.826200 0.563300
0.034300 -0.091100 0.995200
-0.227400 0.564700 0.793400
-0.000000 -0.000000 1.000000
0.227400 0.564700 0.793400
0.278000 -0.690900 0.667400
0.001800 -0.654300 0.756200
-0.278000 -0.690900 0.667400
0.000200 0.266300 0.963900
-0.382600 0.164200 0.909200
0.683700 -0.289100 0.670100
-0.437100 0.438900 0.785000
-0.001800 0.268900 0.963200
-0.001800 -0.654300 0.756200
-0.683700 -0.289100 0.670100
0.379200 0.164600 0.910500
-0.458100 -0.458100 0.761700
-0.000000 -0.769000 0.639300
-0.000000 0.443400 0.896300
0.437900 0.437900 0.785100
0.536000 0.551300 0.639300
-0.540900 0.546600 0.639300
-0.000000 0.898200 0.439600
0.665400 0.620100 0.415600
-0.640100 -0.646300 0.415600
0.640100 -0.646300 0.415600
-0.597100 -0.614100 0.516100
0.614500 -0.621000 0.486600
0.458100 -0.458100 0.761700
-0.665400 0.620100 0.415600
98
0 0 1 2 0 1 2 1
0 3 4 5 3 4 5 1
0 6 7 8 6 7 8 1
0 9 6 8 9 6 8 1
0 10 9 11 10 10 10 1
0 4 12 5 4 11 5 1
0 13 14 12 12 12 12 1
0 15 12 14 13 13 13 1
0 9 15 11 14 14 14 1
0 16 2 17 15 2 16 1
0 18 16 17 17 15 16 1
0 19 20 21 18 19 20 1
0 19 1 22 18 1 21 1
0 23 24 25 22 23 24 1
0 26 27 28 0 25 21 1
0 29 30 31 0 26 27 1
0 32 24 33 28 23 23 1
0 32 34 35 28 23 29 1
0 36 37 38 5 30 3 1
0 39 40 41 3 26 15 1
0 35 42 43 29 23 31 1
0 44 45 23 32 23 22 1
0 44 46 47 32 23 23 1
0 48 49 50 7 33 34 1
0 51 52 46 35 23 23 1
0 53 54 55 8 34 36 1
0 56 57 58 8 37 9 1
0 59 52 60 38 23 39 1
0 61 62 59 23 23 23 1
0 63 64 65 40 40 40 1
0 66 67 68 37 5 11 1
0 69 70 71 23 23 23 1
0 72 71 73 23 23 23 1
0 74 75 76 41 41 41 1
0 72 77 61 23 23 23 1
0 42 78 43 23 38 31 1
0 79 80 81 21 33 18 1
0 82 83 84 1 24 2 1
0 85 86 87 16 24 28 1
0 88 89 90 16 29 17 1
0 91 92 93 17 31 4 1
0 94 95 96 20 22 1 1
0 97 98 99 20 35 32 1
0 100 101 102 19 39 35 1
0 103 104 105 42 39 6 1
0 106 107 108 43 43 43 1
0 109 110 111 44 44 44 1
0 112 113 114 45 45 45 1
0 115 116 117 31 42 4 1
0 0 22 1 0 21 1 1
0 3 18 4 3 17 4 1
0 6 20 7 6 19 7 1
0 9 10 6 9 42 6 1
0 4 13 12 4 42 11 1
0 15 118 12 46 46 46 1
0 9 118 15 47 47 47 1
0 16 0 2 15 0 2 1
0 18 3 16 17 3 15 1
0 19 7 20 18 7 19 1
0 19 21 1 18 20 1 1
0 23 45 24 22 23 23 1
0 26 119 27 0 27 25 1
0 29 120 30 0 15 26 1
0 32 25 24 28 24 23 1
0 32 33 34 28 23 23 1
0 36 121 37 5 48 30 1
0 39 122 40 3 30 26 1
0 35 34 42 29 23 23 1
0 44 47 45 32 23 23 1
0 44 51 46 32 35 23 1
0 48 123 49 7 18 33 1
0 51 60 52 35 39 23 1
0 53 124 54 8 7 34 1
0 56 125 57 8 36 37 1
0 59 62 52 38 23 23 1
0 61 77 62 23 23 23 1
0 63 126 64 40 40 40 1
0 66 127 67 37 48 5 1
0 69 78 70 23 23 23 1
0 72 69 71 23 23 23 1
0 74 128 75 41 41 41 1
0 72 73 77 23 23 23 1
0 42 70 78 23 23 38 1
0 79 129 80 21 25 33 1
0 82 130 83 1 22 24 1
0 85 131 86 16 2 24 1
0 88 132 89 16 28 29 1
0 91 133 92 17 29 31 1
0 94 134 95 20 32 22 1
0 97 135 98 20 19 35 1
0 100 136 101 19 6 39 1
0 103 137 104 42 38 39 1
0 138 106 108 43 43 43 1
0 139 140 141 49 49 49 1
0 109 142 110 44 44 44 1
0 112 143 113 45 45 45 1
0 115 144 116 31 38 42 1
0 140 145 141 49 49 49 1
"scroller" 0 1
14
0 9.400001 21.000000 7.499997 0.800665 0.113657 -1
0 8.370001 22.000000 7.499997 0.830911 0.113644 -1
0 6.600001 20.299999 7.499998 0.831954 0.112129 -1
0 -6.599999 20.299999 7.500000 0.831780 0.090881 -1
0 -9.399999 21.000000 7.500000 0.800323 0.089534 -1
0 -9.399999 -1.700000 7.500002 0.460285 0.098269 -1
0 0.000001 20.299999 7.499999 0.930291 0.109249 -1
0 9.400001 -1.700000 7.500000 0.462446 0.103749 -1
0 0.183319 -22.100000 7.499992 0.295820 0.090823 -1
0 20.800001 -1.700000 7.499992 0.292592 0.108725 -1
0 0.183319 -22.100000 7.499992 0.298255 0.109807 -1
0 0.000001 20.299999 7.499999 0.930645 0.093421 -1
0 -8.369999 22.000000 7.500000 0.830731 0.089545 -1
0 -20.799997 -1.700000 7.500004 0.289517 0.093882 -1
1
-0.000000 -0.000000 1.000000
10
0 0 1 2 0 0 0 1
0 3 4 5 0 0 0 1
0 2 6 7 0 0 0 1
0 6 8 7 0 0 0 1
0 8 9 7 0 0 0 1
0 7 0 2 0 0 0 1
0 10 11 5 0 0 0 1
0 11 3 5 0 0 0 1
0 3 12 4 0 0 0 1
0 5 13 10 0 0 0 1
"pixels" 0 2
12
0 9.400001 21.000000 7.599997 4.984116 -9.487098 -1
0 8.370001 22.000000 7.599997 4.491816 -9.961126 -1
0 6.600001 20.299999 7.599998 3.645817 -9.155277 -1
0 -6.599999 20.299999 7.599999 -2.663278 -9.155277 -1
0 -9.399999 21.000000 7.599999 -4.001571 -9.487098 -1
0 -9.399999 -1.700000 7.600002 -4.001571 1.273398 -1
0 0.000001 20.299999 7.599998 0.491271 -9.155277 -1
0 9.400001 -1.700000 7.600000 4.984116 1.273398 -1
0 0.183319 -22.100000 7.599992 0.578893 10.943626 -1
0 20.800001 -1.700000 7.599992 10.432879 1.273398 -1
0 -8.369999 22.000000 7.600000 -3.509269 -9.961126 -1
0 -20.799997 -1.700000 7.600004 -9.450334 1.273398 -1
1
-0.000000 -0.000000 1.000000
10
0 0 1 2 0 0 0 1
0 3 4 5 0 0 0 1
0 2 6 7 0 0 0 1
0 6 8 7 0 0 0 1
0 8 9 7 0 0 0 1
0 7 0 2 0 0 0 1
0 8 6 5 0 0 0 1
0 6 3 5 0 0 0 1
0 3 10 4 0 0 0 1
0 5 11 8 0 0 0 1
"shadow" 0 0
30
0 -8.367936 21.235001 7.700000 0.022869 0.121495 -1
0 -6.599999 20.299999 7.699999 0.044818 0.121495 -1
0 -8.369999 22.000000 7.700000 0.022843 0.121495 -1
0 -8.849691 20.767277 7.699999 0.016888 0.121495 -1
0 -9.399999 -1.700000 7.700002 0.010056 0.121495 -1
0 -8.849691 -2.250307 7.700002 0.016888 0.121495 -1
0 -9.399999 21.000000 7.699999 0.010056 0.121495 -1
0 8.367938 21.235001 7.699997 0.230640 0.121495 -1
0 9.400001 21.000000 7.699997 0.243453 0.121495 -1
0 8.370001 22.000000 7.699997 0.230666 0.121495 -1
0 8.849693 20.767277 7.699997 0.236621 0.121495 -1
0 9.400001 -1.700000 7.700000 0.243453 0.121495 -1
0 19.461452 -2.250307 7.699992 0.450577 0.122978 -1
0 9.400001 -1.700000 7.700000 0.313383 0.121911 -1
0 8.849693 -2.250307 7.700000 0.305879 0.122978 -1
0 -19.444498 -2.250307 7.700003 0.518594 0.121393 -1
0 0.183319 -22.100000 7.699992 0.621179 0.121393 -1
0 0.179922 -21.329187 7.699992 0.621161 0.121393 -1
0 -19.444498 -2.250307 7.700003 0.814434 0.121748 -1
0 -9.399999 -1.700000 7.700002 0.919879 0.120681 -1
0 -20.799997 -1.700000 7.700004 0.800204 0.120681 -1
0 19.461452 -2.250307 7.699992 0.721936 0.121393 -1
0 20.800001 -1.700000 7.699992 0.728932 0.121393 -1
0 6.600001 20.299999 7.699997 0.208692 0.121495 -1
0 6.821470 19.749693 7.699997 0.211441 0.121495 -1
0 -6.821468 19.749693 7.699999 0.042068 0.121495 -1
0 8.849693 -2.250307 7.700000 0.236622 0.121495 -1
0 20.800001 -1.700000 7.699992 0.468829 0.121911 -1
0 -20.799997 -1.700000 7.700004 0.511509 0.121393 -1
0 -8.849691 -2.250307 7.700002 0.925656 0.121748 -1
1
-0.000000 -0.000000 1.000000
22
0 0 1 2 0 0 0 1
0 3 4 5 0 0 0 1
0 0 6 3 0 0 0 1
0 7 8 9 0 0 0 1
0 10 11 8 0 0 0 1
0 12 13 14 0 0 0 1
0 15 16 17 0 0 0 1
0 18 19 20 0 0 0 1
0 21 16 22 0 0 0 1
0 7 23 24 0 0 0 1
0 24 1 25 0 0 0 1
0 0 25 1 0 0 0 1
0 3 6 4 0 0 0 1
0 0 2 6 0 0 0 1
0 7 10 8 0 0 0 1
0 10 26 11 0 0 0 1
0 12 27 13 0 0 0 1
0 15 28 16 0 0 0 1
0 18 29 19 0 0 0 1
0 21 17 16 0 0 0 1
0 7 9 23 0 0 0 1
0 24 23 1 0 0 0 1

Materials: 4
"texcherstatic"
0.000000 0.000000 0.000000 1.000000
1.000000 1.000000 1.000000 1.000000
1.000000 1.000000 1.000000 1.000000
0.000000 0.000000 0.000000 1.000000
0.000000
1.000000
"textures/texcher_down.png"
""
"texcher"
0.000000 0.000000 0.000000 1.000000
1.000000 1.000000 1.000000 1.000000
1.000000 1.000000 1.000000 1.000000
0.000000 0.000000 0.000000 1.000000
0.000000
1.000000
"textures/Down Tap Note ani texture.ini"
""
"pixels"
0.000000 0.000000 0.000000 1.000000
1.000000 1.000000 1.000000 1.000000
1.000000 1.000000 1.000000 1.000000
0.000000 0.000000 0.000000 1.000000
0.000000
1.000000
"textures/pixels.png"
""
"glow"
0.000000 0.000000 0.000000 1.000000
1.000000 1.000000 1.000000 1.000000
1.000000 1.000000 1.000000 1.000000
0.000000 0.000000 0.000000 1.000000
0.000000
1.000000
"textures/glow.png"
""

Bones: 0
GroupComments: 0
MaterialComments: 0
BoneComments: 0
ModelComment: 0
