// MilkShape 3D ASCII

Frames: 30
Frame: 1

Meshes: 2
"default" 0 0
32
0 32.804672 -2.911141 6.671443 0.050443 0.981200 -1
0 31.548347 3.639679 0.828557 0.050443 0.025157 -1
0 -31.547245 3.639679 0.828557 0.050443 0.025157 -1
0 -32.803562 -2.911141 6.671443 0.050443 0.981200 -1
0 -34.325428 -9.369106 7.500000 0.307939 0.911497 -1
0 34.325775 -9.364567 7.500000 0.307939 0.226731 -1
0 34.326534 -3.840088 7.500000 0.307939 0.226725 -1
0 -34.325428 -3.840088 7.500000 0.307939 0.911497 -1
0 -32.712799 4.568625 0.000000 0.309036 0.253128 -1
0 -32.712799 -0.960392 0.000000 0.309036 0.253128 -1
0 -34.325428 -9.369106 7.500000 0.309035 0.943735 -1
0 -34.325428 -3.840088 7.500000 0.309035 0.943735 -1
0 32.713905 4.568625 0.000000 0.309036 0.253128 -1
0 34.326534 -3.840088 7.500000 0.309036 0.253128 -1
0 34.325775 -9.364567 7.500000 0.309035 0.943735 -1
0 32.713905 -0.955853 0.000000 0.309035 0.943735 -1
0 -32.803562 -2.911141 6.671443 0.166437 0.930759 -1
0 -34.325428 -3.840088 7.500000 0.166437 0.930759 -1
0 34.326534 -3.840088 7.500000 0.166437 0.930759 -1
0 32.804672 -2.911141 6.671443 0.166437 0.930759 -1
0 -31.547245 3.639679 0.828557 0.185020 0.244907 -1
0 -32.712799 4.568625 0.000000 0.185020 0.244907 -1
0 -34.325428 -3.840088 7.500000 0.185020 0.922426 -1
0 -32.803562 -2.911141 6.671443 0.185020 0.922426 -1
0 31.548347 3.639679 0.828557 0.441406 0.977818 -1
0 32.713905 4.568625 0.000000 0.441406 0.977818 -1
0 -32.712799 4.568625 0.000000 0.441406 0.037807 -1
0 -31.547245 3.639679 0.828557 0.441406 0.037807 -1
0 32.804672 -2.911141 6.671443 0.185020 0.922426 -1
0 34.326534 -3.840088 7.500000 0.185020 0.922426 -1
0 32.713905 4.568625 0.000000 0.185020 0.244907 -1
0 31.548347 3.639679 0.828557 0.185020 0.244907 -1
4
-0.000000 0.665600 0.746300
-0.000000 -0.000000 1.000000
-0.977700 -0.000000 -0.210200
0.977700 -0.000100 -0.210200
16
0 0 1 2 0 0 0 1
0 0 2 3 0 0 0 1
0 4 5 6 1 1 1 1
0 4 6 7 1 1 1 1
0 8 9 10 2 2 2 1
0 8 10 11 2 2 2 1
0 12 13 14 3 3 3 1
0 12 14 15 3 3 3 1
0 16 17 18 0 0 0 1
0 16 18 19 0 0 0 1
0 20 21 22 0 0 0 1
0 20 22 23 0 0 0 1
0 24 25 26 0 0 0 1
0 24 26 27 0 0 0 1
0 28 29 30 0 0 0 1
0 28 30 31 0 0 0 1
"glow" 0 0
4
0 -31.946962 9.274534 2.687695 0.746078 0.049354 -1
0 -31.946962 1.555281 2.687695 0.746078 0.950646 -1
0 31.914967 1.728245 2.533424 0.746078 0.950646 -1
0 31.914967 9.274534 2.533424 0.746078 0.049354 -1
1
0.002400 -0.000000 1.000000
2
0 0 1 2 0 0 0 1
0 0 2 3 0 0 0 1

Materials: 1
"Material.001"
1.000000 1.000000 1.000000 1.000000
0.800000 0.800000 0.800000 1.000000
0.500000 0.500000 0.500000 1.000000
0.000000 0.000000 0.000000 1.000000
0.192000
1.000000
"textures/chuni_12th.png"
""

Bones: 0
GroupComments: 0
MaterialComments: 0
BoneComments: 0
ModelComment: 0
