// MilkShape 3D ASCII

Frames: 30
Frame: 1

Meshes: 1
"default" 0 0
45
0 -25.380619 -10.081141 1.028870 0.051557 0.856100 -1
0 -23.850027 -11.881141 2.028870 0.086541 0.919701 -1
0 -25.290619 9.898859 1.028869 0.053147 0.150135 -1
0 10.844380 13.408858 5.528870 0.691614 0.026114 -1
0 -0.000619 13.408858 7.528870 0.499995 0.026114 -1
0 -0.000619 -0.001141 7.528870 0.499995 0.499937 -1
0 21.689381 -13.411140 3.028870 0.883234 0.973761 -1
0 23.849972 -11.881141 2.028870 0.913448 0.919701 -1
0 21.689381 13.408858 3.028869 0.883234 0.026114 -1
0 23.849972 12.103859 2.028869 0.911858 0.072224 -1
0 25.379379 -10.081141 1.028871 0.948433 0.856100 -1
0 25.289379 9.898859 1.028869 0.946842 0.150135 -1
0 26.819378 -7.291141 -0.915132 0.973876 0.757519 -1
0 26.819378 6.748859 -0.915132 0.973876 0.261435 -1
0 -23.850027 12.103859 2.028869 0.088132 0.072224 -1
0 -21.690620 -13.411140 3.028870 0.116755 0.973761 -1
0 -21.690620 13.408858 3.028869 0.116755 0.026114 -1
0 -26.820618 6.748859 -0.915132 0.026114 0.261435 -1
0 -26.820618 -7.291141 -0.915132 0.026114 0.757519 -1
0 -21.690027 13.405312 -1.657044 0.116766 0.026239 -1
0 -23.310026 12.100312 -2.657044 0.088142 0.072349 -1
0 -0.000028 -13.414687 2.842957 0.500005 0.973886 -1
0 10.844972 -13.414687 0.842957 0.691625 0.973886 -1
0 10.844380 -13.411140 5.528870 0.691614 0.973761 -1
0 -0.000619 -13.411140 7.528870 0.499995 0.973761 -1
0 25.289972 9.895312 -3.657044 0.946853 0.150260 -1
0 23.309971 12.100312 -2.657044 0.911868 0.072349 -1
0 -25.290028 9.895312 -3.657044 0.053158 0.150260 -1
0 -21.690027 -13.414687 -1.657043 0.116766 0.973886 -1
0 -10.845028 -13.414687 0.842957 0.308386 0.973886 -1
0 -10.845619 -13.411140 5.528870 0.308375 0.973761 -1
0 21.689972 -13.414687 -1.657043 0.883244 0.973886 -1
0 23.399971 -11.884687 -2.657043 0.913458 0.919826 -1
0 -23.400026 -11.884687 -2.657043 0.086552 0.919826 -1
0 -0.000028 13.405312 2.842957 0.500005 0.026239 -1
0 -10.845028 13.405312 0.842957 0.308386 0.026239 -1
0 -10.845619 13.408858 5.528870 0.308375 0.026114 -1
0 25.379972 -10.084687 -3.657043 0.948443 0.856226 -1
0 26.819971 -7.294688 -5.601044 0.973886 0.757645 -1
0 -26.820026 -7.294688 -5.601044 0.026124 0.757645 -1
0 -25.380028 -10.084687 -3.657043 0.051567 0.856226 -1
0 21.689972 13.405312 -1.657044 0.883244 0.026239 -1
0 10.844972 13.405312 0.842957 0.691625 0.026239 -1
0 26.819971 6.745312 -5.601045 0.973886 0.261561 -1
0 -26.820026 6.745312 -5.601045 0.026124 0.261561 -1
45
-0.875992 -0.291977 0.383912
-0.727571 -0.461025 0.508031
-0.845370 0.326773 0.422575
0.113434 0.829362 0.547075
-0.000039 0.836583 0.547840
0.000000 -0.000000 1.000000
0.336562 -0.655986 0.675580
0.704505 -0.472101 0.529900
0.466431 0.508906 0.723503
0.746369 0.436231 0.502628
0.827111 -0.364314 0.427975
0.887829 0.264136 0.376818
0.944207 -0.197559 0.263522
0.979532 0.116156 0.164395
-0.708482 0.472451 0.524254
-0.485193 -0.492791 0.722319
-0.321775 0.664950 0.674019
-0.946692 0.189255 0.260685
-0.979917 -0.121689 0.157968
-0.387625 0.921486 -0.024707
-0.725400 0.686102 -0.055310
0.000047 -1.000000 0.000757
0.000163 -1.000000 0.000757
0.113615 -0.828761 0.547948
-0.000039 -0.836002 0.548726
0.826884 0.561658 -0.028339
0.619979 0.783165 -0.047737
-0.854976 0.518668 -0.000500
-0.236209 -0.971702 0.000706
-0.000151 -1.000000 0.000757
-0.113625 -0.828760 0.547947
0.428794 -0.903158 -0.021008
0.687662 -0.724704 -0.043877
-0.628595 -0.776784 -0.038410
0.000047 1.000000 -0.000757
0.000163 1.000000 -0.000757
-0.113444 0.829361 0.547074
0.828446 -0.560069 0.000529
0.987643 -0.156720 0.000244
-0.949578 -0.313529 0.000117
-0.777982 -0.627942 -0.020796
0.220025 0.975494 -0.000711
-0.000151 1.000000 -0.000757
0.954542 0.298077 -0.000105
-0.988825 0.149079 -0.000238
66
0 0 1 2 0 1 2 1
0 3 4 5 3 4 5 1
0 6 7 8 6 7 8 1
0 7 9 8 7 9 8 1
0 9 10 11 9 10 11 1
0 10 12 11 10 12 11 1
0 12 13 11 12 13 11 1
0 10 9 7 10 9 7 1
0 1 14 2 1 14 2 1
0 14 15 16 14 15 16 1
0 15 14 1 15 14 1 1
0 2 17 0 2 17 0 1
0 17 18 0 17 18 0 1
0 19 20 14 19 20 14 1
0 19 14 16 19 14 16 1
0 21 22 23 21 22 23 1
0 21 23 24 21 23 24 1
0 25 26 9 25 26 9 1
0 25 9 11 25 9 11 1
0 20 27 2 20 27 2 1
0 20 2 14 20 2 14 1
0 28 29 30 28 29 30 1
0 28 30 15 28 30 15 1
0 31 32 7 31 32 7 1
0 31 7 6 31 7 6 1
0 33 28 15 33 28 15 1
0 33 15 1 33 15 1 1
0 22 31 6 22 31 6 1
0 22 6 23 22 6 23 1
0 34 35 36 34 35 36 1
0 34 36 4 34 36 4 1
0 37 38 12 37 38 12 1
0 37 12 10 37 12 10 1
0 39 40 0 39 40 0 1
0 39 0 18 39 0 18 1
0 41 42 3 41 42 3 1
0 41 3 8 41 3 8 1
0 29 21 24 29 21 24 1
0 29 24 30 29 24 30 1
0 43 25 11 43 25 11 1
0 43 11 13 43 11 13 1
0 27 44 17 27 44 17 1
0 27 17 2 27 17 2 1
0 38 43 13 38 43 13 1
0 38 13 12 38 13 12 1
0 44 39 18 44 39 18 1
0 44 18 17 44 18 17 1
0 35 19 16 35 19 16 1
0 35 16 36 35 16 36 1
0 32 37 10 32 37 10 1
0 32 10 7 32 10 7 1
0 40 33 1 40 33 1 1
0 40 1 0 40 1 0 1
0 42 34 4 42 34 4 1
0 42 4 3 42 4 3 1
0 26 41 8 26 41 8 1
0 26 8 9 26 8 9 1
0 24 5 30 24 5 30 1
0 6 8 5 6 8 5 1
0 23 5 24 23 5 24 1
0 30 5 15 30 5 15 1
0 5 16 15 5 16 15 1
0 16 5 36 16 5 36 1
0 5 23 6 5 23 6 1
0 5 8 3 5 8 3 1
0 5 4 36 5 4 36 1

Materials: 1
"Material01"
1.000000 1.000000 1.000000 1.000000
0.800000 0.800000 0.800000 1.000000
0.000000 0.000000 0.000000 1.000000
0.000000 0.000000 0.000000 1.000000
0.192000
1.000000
"textures/popn_64th.png"
""

Bones: 0
GroupComments: 0
MaterialComments: 0
BoneComments: 0
ModelComment: 0
