// MilkShape 3D ASCII

Frames: 30
Frame: 1

Meshes: 1
"bullshit" 0 0
18
0 0.000000 20.500000 7.500002 0.254219 0.039603 -1
0 -12.400000 -4.500000 7.499999 0.164426 0.955101 -1
0 0.000000 7.400001 7.500000 0.254219 0.519324 -1
0 12.400000 -4.500000 7.499999 0.840010 0.624467 -1
0 0.000000 7.400001 7.500000 0.762026 0.377376 -1
0 -12.400000 -4.500000 7.499999 0.684041 0.624467 -1
0 -13.500000 -6.500000 4.000000 0.677123 0.665995 -1
0 -25.000000 -4.500000 7.499999 0.604799 0.624467 -1
0 -29.299999 -6.500000 -0.000006 0.577756 0.665995 -1
0 13.500000 -6.500000 4.000000 0.846928 0.665995 -1
0 25.000000 -4.500000 7.499999 0.919252 0.624467 -1
0 0.000000 23.000000 -0.000002 0.762026 0.053457 -1
0 29.299999 -6.500000 -0.000006 0.946295 0.665995 -1
0 -25.000000 -4.500000 7.499999 0.073185 0.955101 -1
0 12.400000 -4.500000 7.499999 0.344012 0.955101 -1
0 25.000000 -4.500000 7.499999 0.435254 0.955101 -1
0 0.000000 -19.900000 0.000002 0.762026 0.944233 -1
0 0.000000 20.500000 7.500002 0.762026 0.105367 -1
17
0.000000 -0.000000 1.000000
0.000000 -0.000000 1.000000
0.000000 -0.000000 1.000000
0.141309 -0.552776 0.821261
0.000000 -0.000000 1.000000
-0.141309 -0.552776 0.821261
-0.201210 -0.863334 0.462784
-0.742639 -0.226139 0.630356
-0.800739 -0.274661 0.532333
0.201210 -0.863334 0.462784
0.742639 -0.226139 0.630356
0.000000 0.951882 0.306464
0.800739 -0.274661 0.532333
0.000000 -0.000000 1.000000
-0.000000 -0.000000 1.000000
0.000000 -0.667866 0.744282
0.000000 0.948683 0.316228
16
0 0 1 2 0 1 2 1
0 3 4 5 3 4 5 1
0 6 7 8 6 7 8 1
0 9 10 3 9 10 3 1
0 11 10 12 11 10 12 1
0 7 11 8 7 11 8 1
0 0 13 1 0 13 1 1
0 2 14 0 2 14 0 1
0 14 15 0 14 13 0 1
0 6 16 5 6 15 5 1
0 16 9 3 15 9 3 1
0 5 16 3 5 15 3 1
0 6 5 7 6 5 7 1
0 9 12 10 9 12 10 1
0 11 17 10 11 16 10 1
0 7 17 11 7 16 11 1

Materials: 1
"Material01"
1.000000 1.000000 1.000000 1.000000
0.800000 0.800000 0.800000 1.000000
0.000000 0.000000 0.000000 1.000000
0.000000 0.000000 0.000000 1.000000
0.192000
1.000000
"textures\voez_lift.png"
""

Bones: 0
GroupComments: 0
MaterialComments: 0
BoneComments: 0
ModelComment: 0
