// MilkShape 3D ASCII

Frames: 30
Frame: 12

Meshes: 1
"Cylinder01" 0 0
170
1 24.010340 1.418846 0.003825 0.904736 0.494350 0
1 20.019609 9.700273 5.016088 0.833375 0.360162 0
1 22.166231 1.318488 5.016088 0.860066 0.494350 0
1 21.684938 10.498701 0.003824 0.874644 0.343068 0
1 14.828819 16.622553 5.016086 0.757363 0.246403 0
1 16.061836 17.997501 0.003824 0.788949 0.214817 0
1 7.384110 21.031479 5.016086 0.643604 0.170392 0
1 7.997101 22.773619 0.003823 0.660698 0.129123 0
1 -1.181126 22.255829 5.016086 0.509416 0.143700 0
1 -1.281484 24.099936 0.003823 0.509416 0.099031 0
1 -9.562911 20.109203 5.016086 0.375228 0.170392 0
1 -10.361341 21.774532 0.003823 0.358134 0.129123 0
1 -16.485191 14.918415 5.016086 0.261469 0.246403 0
1 -17.860138 16.151434 0.003823 0.229883 0.214817 0
1 -20.894114 7.473709 5.016088 0.185458 0.360162 0
1 -22.636255 8.086699 0.003823 0.144189 0.343068 0
1 -22.118465 -1.091524 5.016088 0.158766 0.494350 0
1 -23.962574 -1.191881 0.003824 0.114097 0.494350 0
1 -19.971846 -9.473309 5.016086 0.185458 0.628538 0
1 -21.637173 -10.271735 0.003824 0.144189 0.645632 0
1 -14.781059 -16.395590 5.016088 0.261469 0.742297 0
1 -16.014074 -17.770535 0.003825 0.229883 0.773883 0
1 -7.336348 -20.804516 5.016088 0.375228 0.818309 0
1 -7.949338 -22.546656 0.003825 0.358134 0.859578 0
1 1.228890 -22.028868 5.016088 0.509416 0.845000 0
1 1.329247 -23.872976 0.003825 0.509416 0.889670 0
1 9.610679 -19.882244 5.016088 0.643604 0.818309 0
1 10.409107 -21.547573 0.003826 0.660698 0.859578 0
1 16.532961 -14.691449 5.016088 0.757363 0.742297 0
1 17.907907 -15.924466 0.003825 0.788949 0.773883 0
1 20.941885 -7.246737 5.016088 0.833375 0.628538 0
1 22.684025 -7.859726 0.003825 0.874644 0.645632 0
1 0.023883 0.113480 2.734623 0.509416 0.494350 0
1 11.737873 0.750965 2.734623 0.694921 0.494350 0
1 10.602242 5.185189 2.734625 0.680800 0.423361 0
1 7.856153 8.847291 2.734623 0.640588 0.363179 0
1 3.917670 11.179750 2.734623 0.580406 0.322966 0
1 -0.613605 11.827470 2.734623 0.509416 0.308845 0
1 -5.047830 10.691838 2.734623 0.438427 0.322966 0
1 -8.709929 7.945752 2.734623 0.378245 0.363178 0
1 -11.042387 4.007268 2.734625 0.338032 0.423361 0
1 -11.690107 -0.524006 2.734623 0.323911 0.494350 0
1 -10.554478 -4.958228 2.734621 0.338032 0.565340 0
1 -7.808393 -8.620331 2.734623 0.378244 0.625522 0
1 -3.869908 -10.952790 2.734623 0.438427 0.665734 0
1 0.661370 -11.600510 2.734625 0.509416 0.679855 0
1 5.095594 -10.464877 2.734625 0.580406 0.665734 0
1 8.757698 -7.718787 2.734625 0.640588 0.625522 0
1 11.090154 -3.780304 2.734621 0.680800 0.565340 0
1 20.019609 9.700273 -5.103856 0.833375 0.360162 0
1 24.010340 1.418846 -0.091591 0.904736 0.494350 0
1 22.166231 1.318488 -5.103854 0.860066 0.494350 0
1 21.684938 10.498701 -0.091591 0.874644 0.343068 0
1 14.828818 16.622555 -5.103855 0.757363 0.246403 0
1 16.061836 17.997501 -0.091592 0.788949 0.214817 0
1 7.384110 21.031479 -5.103856 0.643604 0.170392 0
1 7.997101 22.773619 -0.091592 0.660698 0.129123 0
1 -1.181126 22.255829 -5.103856 0.509416 0.143700 0
1 -1.281484 24.099936 -0.091592 0.509416 0.099031 0
1 -9.562911 20.109203 -5.103856 0.375228 0.170392 0
1 -10.361341 21.774532 -0.091593 0.358134 0.129123 0
1 -16.485191 14.918415 -5.103856 0.261469 0.246403 0
1 -17.860138 16.151434 -0.091592 0.229883 0.214817 0
1 -20.894114 7.473709 -5.103857 0.185458 0.360162 0
1 -22.636255 8.086699 -0.091592 0.144189 0.343068 0
1 -22.118465 -1.091524 -5.103855 0.158766 0.494350 0
1 -23.962574 -1.191881 -0.091592 0.114097 0.494350 0
1 -19.971846 -9.473308 -5.103853 0.185458 0.628538 0
1 -21.637173 -10.271735 -0.091591 0.144189 0.645632 0
1 -14.781059 -16.395590 -5.103854 0.261469 0.742297 0
1 -16.014074 -17.770535 -0.091591 0.229883 0.773883 0
1 -7.336348 -20.804516 -5.103854 0.375228 0.818309 0
1 -7.949338 -22.546656 -0.091590 0.358134 0.859578 0
1 1.228890 -22.028868 -5.103854 0.509416 0.845000 0
1 1.329247 -23.872976 -0.091590 0.509416 0.889670 0
1 9.610679 -19.882244 -5.103853 0.643604 0.818309 0
1 10.409107 -21.547573 -0.091590 0.660698 0.859578 0
1 16.532961 -14.691449 -5.103854 0.757363 0.742297 0
1 17.907907 -15.924466 -0.091590 0.788949 0.773883 0
1 20.941885 -7.246737 -5.103853 0.833375 0.628538 0
1 22.684025 -7.859726 -0.091590 0.874644 0.645632 0
1 11.737873 0.750966 -2.822389 0.694921 0.494350 0
1 0.023882 0.113480 -2.822390 0.509416 0.494350 0
1 10.602242 5.185189 -2.822391 0.680800 0.423361 0
1 7.856153 8.847291 -2.822390 0.640588 0.363179 0
1 3.917670 11.179750 -2.822390 0.580406 0.322966 0
1 -0.613605 11.827470 -2.822390 0.509416 0.308845 0
1 -5.047830 10.691838 -2.822390 0.438427 0.322966 0
1 -8.709929 7.945752 -2.822390 0.378245 0.363178 0
1 -11.042387 4.007268 -2.822391 0.338032 0.423361 0
1 -11.690107 -0.524006 -2.822390 0.323911 0.494350 0
1 -10.554478 -4.958228 -2.822388 0.338032 0.565340 0
1 -7.808393 -8.620331 -2.822389 0.378244 0.625522 0
1 -3.869908 -10.952790 -2.822389 0.438427 0.665734 0
1 0.661370 -11.600510 -2.822389 0.509416 0.679855 0
1 5.095594 -10.464877 -2.822389 0.580406 0.665734 0
1 8.757698 -7.718787 -2.822389 0.640588 0.625522 0
1 11.090154 -3.780304 -2.822388 0.680800 0.565340 0
1 22.158146 2.896834 3.033499 0.810000 0.957827 0
1 21.215895 20.210909 3.033499 0.958000 0.957827 0
1 11.711304 26.089140 3.033499 0.957885 0.804984 0
1 12.612822 9.523535 3.033499 0.810000 0.804984 0
1 23.630854 1.989187 0.067804 0.809620 0.987977 0
1 22.594673 21.029240 0.067803 0.986967 0.987977 0
1 10.144310 28.729321 0.067803 0.987000 0.776474 0
1 11.127132 10.669710 0.067803 0.810000 0.776473 0
1 21.215893 20.210909 -2.897892 0.958000 0.957827 0
1 22.158146 2.896834 -2.897891 0.810000 0.957827 0
1 11.711304 26.089140 -2.897892 0.957885 0.804984 0
1 12.612821 9.523536 -2.897892 0.810000 0.804984 0
1 8.680558 20.673988 3.033501 0.810000 0.957827 0
1 -6.784998 28.515017 3.033501 0.958000 0.957827 0
1 -16.627993 23.222914 3.033501 0.957885 0.804984 0
1 -1.830998 15.720847 3.033501 0.810000 0.804984 0
1 10.202959 21.495571 0.067805 0.809620 0.987977 0
1 -6.804303 30.118240 0.067805 0.986967 0.987977 0
1 -19.697948 23.185946 0.067805 0.987000 0.776474 0
1 -3.566459 15.007292 0.067805 0.810000 0.776473 0
1 -6.784998 28.515017 -2.897890 0.958000 0.957827 0
1 8.680558 20.673988 -2.897889 0.810000 0.957827 0
1 -16.627993 23.222914 -2.897890 0.957885 0.804984 0
1 -1.830998 15.720847 -2.897889 0.810000 0.804984 0
1 -13.453703 17.890629 3.033503 0.810000 0.957827 0
1 -27.977005 8.417583 3.033503 0.958000 0.957827 0
1 -28.315407 -2.752748 3.033505 0.957885 0.804984 0
1 -14.419934 6.310790 3.033503 0.810000 0.804984 0
1 -13.404014 19.619860 0.067807 0.809620 0.987977 0
1 -29.375088 9.202477 0.067808 0.986967 0.987977 0
1 -29.818371 -5.429893 0.067808 0.987000 0.776474 0
1 -14.669709 4.451060 0.067808 0.810000 0.776473 0
1 -27.977005 8.417583 -2.897887 0.958000 0.957827 0
1 -13.453703 17.890629 -2.897888 0.810000 0.957827 0
1 -28.315407 -2.752748 -2.897887 0.957885 0.804984 0
1 -14.419933 6.310790 -2.897887 0.810000 0.804984 0
1 -22.110378 -2.669878 3.033499 0.810000 0.957827 0
1 -21.168123 -19.983955 3.033501 0.958000 0.957827 0
1 -11.663535 -25.862185 3.033501 0.957885 0.804984 0
1 -12.565053 -9.296578 3.033499 0.810000 0.804984 0
1 -23.583088 -1.762234 0.067803 0.809620 0.987977 0
1 -22.546906 -20.802286 0.067804 0.986967 0.987977 0
1 -10.096540 -28.502361 0.067805 0.987000 0.776474 0
1 -11.079364 -10.442756 0.067804 0.810000 0.776473 0
1 -21.168125 -19.983955 -2.897891 0.958000 0.957827 0
1 -22.110378 -2.669878 -2.897892 0.810000 0.957827 0
1 -11.663535 -25.862185 -2.897890 0.957885 0.804984 0
1 -12.565053 -9.296578 -2.897891 0.810000 0.804984 0
1 -8.632792 -20.447029 3.033503 0.810000 0.957827 0
1 6.832758 -28.288055 3.033505 0.958000 0.957827 0
1 16.675753 -22.995956 3.033505 0.957885 0.804984 0
1 1.878760 -15.493890 3.033503 0.810000 0.804984 0
1 -10.155189 -21.268610 0.067807 0.809620 0.987977 0
1 6.852066 -29.891277 0.067807 0.986967 0.987977 0
1 19.745708 -22.958988 0.067807 0.987000 0.776474 0
1 3.614221 -14.780333 0.067807 0.810000 0.776473 0
1 6.832758 -28.288055 -2.897887 0.958000 0.957827 0
1 -8.632792 -20.447029 -2.897888 0.810000 0.957827 0
1 16.675753 -22.995956 -2.897887 0.957885 0.804984 0
1 1.878760 -15.493890 -2.897888 0.810000 0.804984 0
1 13.501469 -17.663675 3.033501 0.810000 0.957827 0
1 28.024775 -8.190628 3.033501 0.958000 0.957827 0
1 28.363174 2.979707 3.033499 0.957885 0.804984 0
1 14.467699 -6.083830 3.033501 0.810000 0.804984 0
1 13.451781 -19.392900 0.067805 0.809620 0.987977 0
1 29.422859 -8.975517 0.067805 0.986967 0.987977 0
1 29.866137 5.656852 0.067804 0.987000 0.776474 0
1 14.717473 -4.224099 0.067804 0.810000 0.776473 0
1 28.024775 -8.190628 -2.897890 0.958000 0.957827 0
1 13.501469 -17.663675 -2.897890 0.810000 0.957827 0
1 28.363178 2.979708 -2.897891 0.957885 0.804984 0
1 14.467699 -6.083831 -2.897891 0.810000 0.804984 0
260
0.931761 0.112894 0.345073
0.871323 0.348886 0.345073
0.938510 -0.011112 0.345073
0.817632 0.460870 0.345073
0.671484 0.655769 0.345074
0.579026 0.738683 0.345074
0.369419 0.862818 0.345074
0.252269 0.904038 0.345074
0.011112 0.938510 0.345073
-0.112894 0.931761 0.345073
-0.348886 0.871323 0.345073
-0.460870 0.817632 0.345074
-0.655769 0.671484 0.345074
-0.738683 0.579026 0.345074
-0.862818 0.369419 0.345074
-0.904038 0.252269 0.345073
-0.938510 0.011113 0.345073
-0.931761 -0.112894 0.345073
-0.871323 -0.348886 0.345073
-0.817633 -0.460870 0.345073
-0.671485 -0.655769 0.345073
-0.579027 -0.738683 0.345073
-0.369419 -0.862818 0.345073
-0.252269 -0.904038 0.345073
-0.011112 -0.938510 0.345073
0.112894 -0.931761 0.345073
0.348886 -0.871323 0.345074
0.460871 -0.817632 0.345074
0.655769 -0.671484 0.345073
0.738683 -0.579026 0.345073
0.862818 -0.369418 0.345073
0.904038 -0.252269 0.345073
-0.000000 0.000000 1.000000
0.000000 -0.000000 1.000000
-0.000000 -0.000000 1.000000
-0.000000 0.000000 1.000000
0.000000 0.000000 1.000000
0.000000 0.000000 1.000000
0.000000 -0.000000 1.000000
0.000000 -0.000000 1.000000
-0.000000 -0.000000 1.000000
-0.000000 0.000000 1.000000
-0.000000 0.000000 1.000000
-0.000000 0.000000 1.000000
-0.000000 0.000000 1.000000
0.000000 0.000000 1.000000
0.000000 0.000000 1.000000
-0.212313 -0.025725 0.976863
-0.186308 -0.105015 0.976863
-0.198542 -0.079498 0.976863
-0.213851 0.002532 0.976863
-0.131938 -0.168318 0.976863
-0.153006 -0.149425 0.976863
-0.057483 -0.205996 0.976863
-0.084177 -0.196603 0.976863
0.025724 -0.212313 0.976863
-0.002532 -0.213851 0.976863
0.105015 -0.186308 0.976863
0.079498 -0.198541 0.976863
0.168318 -0.131938 0.976863
0.149425 -0.153006 0.976863
0.205996 -0.057483 0.976863
0.196604 -0.084177 0.976863
0.212313 0.025724 0.976863
0.213851 -0.002532 0.976863
0.186308 0.105015 0.976863
0.198542 0.079498 0.976863
0.131938 0.168318 0.976863
0.153006 0.149425 0.976863
0.057482 0.205996 0.976863
0.084176 0.196604 0.976863
-0.025724 0.212313 0.976863
0.002532 0.213851 0.976863
-0.105015 0.186307 0.976863
-0.079498 0.198541 0.976863
-0.168318 0.131938 0.976863
-0.149425 0.153006 0.976863
-0.205996 0.057482 0.976863
-0.196604 0.084177 0.976863
0.871323 0.348886 -0.345073
0.931761 0.112894 -0.345073
0.938510 -0.011112 -0.345073
0.817632 0.460870 -0.345073
0.671484 0.655769 -0.345074
0.579026 0.738683 -0.345074
0.369419 0.862818 -0.345074
0.252269 0.904038 -0.345073
0.011112 0.938510 -0.345073
-0.112894 0.931761 -0.345073
-0.348886 0.871323 -0.345073
-0.460870 0.817632 -0.345073
-0.655769 0.671484 -0.345074
-0.738683 0.579026 -0.345074
-0.862818 0.369419 -0.345073
-0.904038 0.252269 -0.345073
-0.938510 0.011112 -0.345073
-0.931761 -0.112894 -0.345073
-0.871323 -0.348886 -0.345073
-0.817633 -0.460870 -0.345073
-0.671485 -0.655769 -0.345073
-0.579027 -0.738683 -0.345073
-0.369419 -0.862818 -0.345073
-0.252269 -0.904038 -0.345073
-0.011112 -0.938510 -0.345073
0.112894 -0.931761 -0.345073
0.348886 -0.871323 -0.345073
0.460871 -0.817632 -0.345073
0.655769 -0.671484 -0.345073
0.738683 -0.579026 -0.345073
0.862818 -0.369418 -0.345073
0.904038 -0.252269 -0.345073
0.000000 -0.000000 -1.000000
0.000000 -0.000000 -1.000000
-0.000000 -0.000000 -1.000000
-0.000000 0.000000 -1.000000
0.000000 0.000000 -1.000000
0.000000 0.000000 -1.000000
0.000000 -0.000000 -1.000000
0.000000 -0.000000 -1.000000
-0.000000 -0.000000 -1.000000
-0.000000 -0.000000 -1.000000
-0.000000 -0.000000 -1.000000
0.000000 -0.000000 -1.000000
0.000000 -0.000000 -1.000000
0.000000 0.000000 -1.000000
0.000000 -0.000000 -1.000000
-0.186308 -0.105015 -0.976863
-0.212313 -0.025725 -0.976863
-0.198542 -0.079498 -0.976863
-0.213851 0.002532 -0.976863
-0.131938 -0.168318 -0.976863
-0.153006 -0.149425 -0.976863
-0.057483 -0.205996 -0.976863
-0.084177 -0.196604 -0.976863
0.025724 -0.212313 -0.976863
-0.002532 -0.213851 -0.976863
0.105015 -0.186308 -0.976863
0.079498 -0.198542 -0.976863
0.168318 -0.131938 -0.976863
0.149425 -0.153006 -0.976863
0.205996 -0.057483 -0.976863
0.196604 -0.084177 -0.976863
0.212313 0.025724 -0.976863
0.213851 -0.002532 -0.976863
0.186308 0.105015 -0.976863
0.198542 0.079498 -0.976863
0.131938 0.168318 -0.976863
0.153006 0.149425 -0.976863
0.057483 0.205996 -0.976863
0.084177 0.196604 -0.976863
-0.025724 0.212313 -0.976863
0.002532 0.213851 -0.976863
-0.105015 0.186308 -0.976863
-0.079498 0.198542 -0.976863
-0.168318 0.131938 -0.976863
-0.149425 0.153006 -0.976863
-0.205996 0.057483 -0.976863
-0.196604 0.084177 -0.976863
0.998523 0.054341 -0.000000
0.759671 0.650307 -0.000000
0.825009 0.313639 0.470097
0.900466 0.049004 0.432156
-0.892897 0.450261 -0.000000
0.024452 0.753067 0.657490
-0.998523 -0.054341 -0.000000
-0.900466 -0.049004 0.432157
-0.000000 -0.000000 -1.000000
0.000000 -0.000000 -1.000000
0.000000 0.000000 -1.000000
0.825009 0.313639 -0.470097
0.900466 0.049004 -0.432157
0.024452 0.753067 -0.657490
-0.900466 -0.049004 -0.432157
0.452201 0.891916 -0.000000
-0.183347 0.983048 -0.000000
0.140885 0.871298 0.470098
0.407794 0.804328 0.432157
-0.836386 -0.548141 -0.000000
-0.639949 0.397710 0.657490
-0.452201 -0.891916 -0.000000
-0.407794 -0.804329 0.432156
0.000000 -0.000000 -1.000000
0.000000 -0.000000 -1.000000
0.000000 -0.000000 -1.000000
0.140885 0.871298 -0.470098
0.407794 0.804328 -0.432158
-0.639949 0.397709 -0.657490
-0.407794 -0.804329 -0.432156
0.000000 0.000000 1.000000
-0.000000 0.000000 1.000000
0.000000 -0.000000 1.000000
-0.546322 0.837575 -0.000000
-0.943018 0.332741 -0.000000
-0.684123 0.557659 0.470098
-0.492672 0.755324 0.432158
0.056511 -0.998402 -0.000000
-0.664401 -0.355357 0.657489
0.546322 -0.837575 0.000000
0.492672 -0.755325 0.432156
-0.000000 0.000000 -1.000000
-0.000000 -0.000000 -1.000000
0.000000 -0.000000 -1.000000
-0.684123 0.557659 -0.470098
-0.492672 0.755324 -0.432158
-0.664401 -0.355357 -0.657490
0.492672 -0.755325 -0.432156
0.000000 0.000000 1.000000
0.000000 0.000000 1.000000
0.000000 0.000000 1.000000
-0.998523 -0.054341 -0.000000
-0.759671 -0.650308 -0.000000
-0.825009 -0.313639 0.470097
-0.900466 -0.049004 0.432157
0.892897 -0.450261 -0.000000
-0.024452 -0.753067 0.657489
0.998522 0.054341 0.000000
0.900466 0.049004 0.432157
0.000000 -0.000000 -1.000000
0.000000 -0.000000 -1.000000
0.000000 -0.000000 -1.000000
-0.825009 -0.313639 -0.470097
-0.900466 -0.049004 -0.432157
-0.024452 -0.753067 -0.657490
0.900466 0.049004 -0.432157
-0.000000 0.000000 1.000000
-0.000000 0.000000 1.000000
-0.000000 0.000000 1.000000
-0.452201 -0.891916 -0.000000
0.183347 -0.983048 -0.000000
-0.140885 -0.871298 0.470096
-0.407794 -0.804329 0.432156
0.836386 0.548141 -0.000000
0.639949 -0.397710 0.657489
0.452201 0.891916 0.000000
0.407794 0.804329 0.432156
0.000000 -0.000000 -1.000000
0.000000 -0.000000 -1.000000
0.000000 -0.000000 -1.000000
-0.140885 -0.871298 -0.470097
-0.407794 -0.804329 -0.432157
0.639949 -0.397710 -0.657490
0.407794 0.804329 -0.432157
0.000000 0.000000 1.000000
-0.000000 0.000000 1.000000
0.000000 -0.000000 1.000000
0.546322 -0.837576 -0.000000
0.943018 -0.332741 0.000000
0.684124 -0.557659 0.470097
0.492672 -0.755324 0.432157
-0.056510 0.998402 0.000000
0.664401 0.355357 0.657489
-0.546322 0.837576 -0.000000
-0.492672 0.755325 0.432156
0.000000 -0.000000 -1.000000
0.000000 -0.000000 -1.000000
0.000000 -0.000000 -1.000000
0.684124 -0.557659 -0.470097
0.492672 -0.755324 -0.432157
0.664402 0.355357 -0.657489
-0.492672 0.755324 -0.432157
256
0 0 1 2 0 1 2 1
0 0 3 1 0 3 1 1
0 3 4 1 3 4 1 1
0 3 5 4 3 5 4 1
0 5 6 4 5 6 4 1
0 5 7 6 5 7 6 1
0 7 8 6 7 8 6 1
0 7 9 8 7 9 8 1
0 9 10 8 9 10 8 1
0 9 11 10 9 11 10 1
0 11 12 10 11 12 10 1
0 11 13 12 11 13 12 1
0 13 14 12 13 14 12 1
0 13 15 14 13 15 14 1
0 15 16 14 15 16 14 1
0 15 17 16 15 17 16 1
0 17 18 16 17 18 16 1
0 17 19 18 17 19 18 1
0 19 20 18 19 20 18 1
0 19 21 20 19 21 20 1
0 21 22 20 21 22 20 1
0 21 23 22 21 23 22 1
0 23 24 22 23 24 22 1
0 23 25 24 23 25 24 1
0 25 26 24 25 26 24 1
0 25 27 26 25 27 26 1
0 27 28 26 27 28 26 1
0 27 29 28 27 29 28 1
0 29 30 28 29 30 28 1
0 29 31 30 29 31 30 1
0 31 2 30 31 2 30 1
0 31 0 2 31 0 2 1
0 32 33 34 32 33 34 3
0 32 34 35 32 34 35 3
0 32 35 36 32 35 36 3
0 32 36 37 32 36 36 3
0 32 37 38 32 36 36 3
0 32 38 39 32 36 37 3
0 32 39 40 32 37 38 3
0 32 40 41 32 38 39 3
0 32 41 42 32 39 40 3
0 32 42 43 32 40 41 3
0 32 43 44 32 41 42 3
0 32 44 45 32 42 43 3
0 32 45 46 32 43 44 3
0 32 46 47 32 44 45 3
0 32 47 48 32 45 46 3
0 32 48 33 32 46 33 3
0 2 1 34 47 48 49 2
0 34 33 2 49 50 47 2
0 1 4 35 48 51 52 2
0 35 34 1 52 49 48 2
0 4 6 36 51 53 54 2
0 36 35 4 54 52 51 2
0 6 8 37 53 55 56 2
0 37 36 6 56 54 53 2
0 8 10 38 55 57 58 2
0 38 37 8 58 56 55 2
0 10 12 39 57 59 60 2
0 39 38 10 60 58 57 2
0 12 14 40 59 61 62 2
0 40 39 12 62 60 59 2
0 14 16 41 61 63 64 2
0 41 40 14 64 62 61 2
0 16 18 42 63 65 66 2
0 42 41 16 66 64 63 2
0 18 20 43 65 67 68 2
0 43 42 18 68 66 65 2
0 20 22 44 67 69 70 2
0 44 43 20 70 68 67 2
0 22 24 45 69 71 72 2
0 45 44 22 72 70 69 2
0 24 26 46 71 73 74 2
0 46 45 24 74 72 71 2
0 26 28 47 73 75 76 2
0 47 46 26 76 74 73 2
0 28 30 48 75 77 78 2
0 48 47 28 78 76 75 2
0 30 2 33 77 47 50 2
0 33 48 30 50 78 77 2
0 49 50 51 79 80 81 1
0 52 50 49 82 80 79 1
0 53 52 49 83 82 79 1
0 54 52 53 84 82 83 1
0 55 54 53 85 84 83 1
0 56 54 55 86 84 85 1
0 57 56 55 87 86 85 1
0 58 56 57 88 86 87 1
0 59 58 57 89 88 87 1
0 60 58 59 90 88 89 1
0 61 60 59 91 90 89 1
0 62 60 61 92 90 91 1
0 63 62 61 93 92 91 1
0 64 62 63 94 92 93 1
0 65 64 63 95 94 93 1
0 66 64 65 96 94 95 1
0 67 66 65 97 96 95 1
0 68 66 67 98 96 97 1
0 69 68 67 99 98 97 1
0 70 68 69 100 98 99 1
0 71 70 69 101 100 99 1
0 72 70 71 102 100 101 1
0 73 72 71 103 102 101 1
0 74 72 73 104 102 103 1
0 75 74 73 105 104 103 1
0 76 74 75 106 104 105 1
0 77 76 75 107 106 105 1
0 78 76 77 108 106 107 1
0 79 78 77 109 108 107 1
0 80 78 79 110 108 109 1
0 51 80 79 81 110 109 1
0 50 80 51 80 110 81 1
0 81 82 83 111 112 113 3
0 83 82 84 113 112 114 3
0 84 82 85 114 112 115 3
0 85 82 86 115 112 115 3
0 86 82 87 115 112 115 3
0 87 82 88 115 112 116 3
0 88 82 89 116 112 117 3
0 89 82 90 117 112 118 3
0 90 82 91 118 112 119 3
0 91 82 92 119 112 120 3
0 92 82 93 120 112 121 3
0 93 82 94 121 112 122 3
0 94 82 95 122 112 123 3
0 95 82 96 123 112 124 3
0 96 82 97 124 112 125 3
0 97 82 81 125 112 111 3
0 49 51 83 126 127 128 2
0 81 83 51 129 128 127 2
0 53 49 84 130 126 131 2
0 83 84 49 128 131 126 2
0 55 53 85 132 130 133 2
0 84 85 53 131 133 130 2
0 57 55 86 134 132 135 2
0 85 86 55 133 135 132 2
0 59 57 87 136 134 137 2
0 86 87 57 135 137 134 2
0 61 59 88 138 136 139 2
0 87 88 59 137 139 136 2
0 63 61 89 140 138 141 2
0 88 89 61 139 141 138 2
0 65 63 90 142 140 143 2
0 89 90 63 141 143 140 2
0 67 65 91 144 142 145 2
0 90 91 65 143 145 142 2
0 69 67 92 146 144 147 2
0 91 92 67 145 147 144 2
0 71 69 93 148 146 149 2
0 92 93 69 147 149 146 2
0 73 71 94 150 148 151 2
0 93 94 71 149 151 148 2
0 75 73 95 152 150 153 2
0 94 95 73 151 153 150 2
0 77 75 96 154 152 155 2
0 95 96 75 153 155 152 2
0 79 77 97 156 154 157 2
0 96 97 77 155 157 154 2
0 51 79 81 127 156 129 2
0 97 81 79 157 129 156 2
0 98 99 100 36 36 36 3
0 100 101 98 36 36 36 3
0 102 103 99 158 159 160 1
0 99 98 102 160 161 158 1
0 103 104 100 159 162 163 1
0 100 99 103 163 160 159 1
0 104 105 101 162 164 165 1
0 101 100 104 165 163 162 1
0 106 107 108 166 167 167 3
0 109 108 107 168 167 167 3
0 103 102 106 159 158 169 1
0 107 106 102 170 169 158 1
0 104 103 108 162 159 171 1
0 106 108 103 169 171 159 1
0 105 104 109 164 162 172 1
0 108 109 104 171 172 162 1
0 110 111 112 36 36 36 3
0 112 113 110 36 36 36 3
0 114 115 111 173 174 175 1
0 111 110 114 175 176 173 1
0 115 116 112 174 177 178 1
0 112 111 115 178 175 174 1
0 116 117 113 177 179 180 1
0 113 112 116 180 178 177 1
0 118 119 120 181 182 182 3
0 121 120 119 183 182 182 3
0 115 114 118 174 173 184 1
0 119 118 114 185 184 173 1
0 116 115 120 177 174 186 1
0 118 120 115 184 186 174 1
0 117 116 121 179 177 187 1
0 120 121 116 186 187 177 1
0 122 123 124 188 189 188 3
0 124 125 122 188 190 188 3
0 126 127 123 191 192 193 1
0 123 122 126 193 194 191 1
0 127 128 124 192 195 196 1
0 124 123 127 196 193 192 1
0 128 129 125 195 197 198 1
0 125 124 128 198 196 195 1
0 130 131 132 199 200 200 3
0 133 132 131 201 200 200 3
0 127 126 130 192 191 202 1
0 131 130 126 203 202 191 1
0 128 127 132 195 192 204 1
0 130 132 127 202 204 192 1
0 129 128 133 197 195 205 1
0 132 133 128 204 205 195 1
0 134 135 136 206 207 206 3
0 136 137 134 206 208 206 3
0 138 139 135 209 210 211 1
0 135 134 138 211 212 209 1
0 139 140 136 210 213 214 1
0 136 135 139 214 211 210 1
0 140 141 137 213 215 216 1
0 137 136 140 216 214 213 1
0 142 143 144 217 218 218 3
0 145 144 143 219 218 218 3
0 139 138 142 210 209 220 1
0 143 142 138 221 220 209 1
0 140 139 144 213 210 222 1
0 142 144 139 220 222 210 1
0 141 140 145 215 213 223 1
0 144 145 140 222 223 213 1
0 146 147 148 224 225 224 3
0 148 149 146 224 226 224 3
0 150 151 147 227 228 229 1
0 147 146 150 229 230 227 1
0 151 152 148 228 231 232 1
0 148 147 151 232 229 228 1
0 152 153 149 231 233 234 1
0 149 148 152 234 232 231 1
0 154 155 156 235 236 236 3
0 157 156 155 237 236 236 3
0 151 150 154 228 227 238 1
0 155 154 150 239 238 227 1
0 152 151 156 231 228 240 1
0 154 156 151 238 240 228 1
0 153 152 157 233 231 241 1
0 156 157 152 240 241 231 1
0 158 159 160 242 243 242 3
0 160 161 158 242 244 242 3
0 162 163 159 245 246 247 1
0 159 158 162 247 248 245 1
0 163 164 160 246 249 250 1
0 160 159 163 250 247 246 1
0 164 165 161 249 251 252 1
0 161 160 164 252 250 249 1
0 166 167 168 253 254 254 3
0 169 168 167 255 254 254 3
0 163 162 166 246 245 256 1
0 167 166 162 257 256 245 1
0 164 163 168 249 246 258 1
0 166 168 163 256 258 246 1
0 165 164 169 251 249 259 1
0 168 169 164 258 259 249 1

Materials: 1
"minetexture"
0.588235 0.588235 0.588235 1.000000
0.588235 0.588235 0.588235 1.000000
0.898039 0.898039 0.898039 1.000000
0.000000 0.000000 0.000000 1.000000
12.800000
1.000000
"textures/minetex.ini"
""

Bones: 1
"joint1"
""
8 0.000000 0.000000 0.000000 0.000000 -0.000000 0.000000
2
1.000000 0.000000 0.000000 0.000000
60.000000 0.000000 0.000000 0.000000
3
1.000000 0.000000 -0.000000 0.000000
30.000000 0.000000 -0.000000 3.100000
60.000000 0.000000 0.000000 -0.083185
