// MilkShape 3D ASCII

Frames: 30
Frame: 1

Meshes: 5
"glow" 0 3
25
0 0.000306 -0.002397 -0.944000 0.000000 0.003936 -1
0 -33.192703 0.009121 -0.944000 0.980235 0.003936 -1
0 -32.039158 -8.665458 -0.943997 0.980235 0.003936 -1
0 0.000372 -33.183945 -0.943994 0.980235 0.003936 -1
0 8.674953 -32.030403 -0.943994 0.980235 0.003936 -1
0 16.746967 -28.649752 -0.943994 0.980235 0.003936 -1
0 23.471415 -23.461918 -0.943995 0.980235 0.003936 -1
0 33.193432 0.009126 -0.944000 0.980235 0.003936 -1
0 32.039894 8.683704 -0.944003 0.980235 0.003936 -1
0 16.746958 28.668009 -0.944006 0.980235 0.003936 -1
0 8.674947 32.048656 -0.944006 0.980235 0.003936 -1
0 0.000366 33.202194 -0.944006 0.980235 0.003936 -1
0 -8.674214 32.048656 -0.944006 0.980235 0.003936 -1
0 -23.470675 23.480167 -0.944005 0.980235 0.003936 -1
0 -28.658516 16.755716 -0.944003 0.980235 0.003936 -1
0 28.659245 16.755716 -0.944003 0.980235 0.003936 -1
0 23.471409 23.480173 -0.944005 0.980235 0.003936 -1
0 28.659250 -16.737467 -0.943997 0.980235 0.003936 -1
0 -8.674208 -32.030403 -0.943994 0.980235 0.003936 -1
0 -28.658510 -16.737473 -0.943997 0.980235 0.003936 -1
0 -23.514803 -23.404728 -0.943995 0.980235 0.003936 -1
0 -16.746222 -28.649757 -0.943994 0.980235 0.003936 -1
0 -32.039162 8.683703 -0.944003 0.980235 0.003936 -1
0 32.039898 -8.665456 -0.943997 0.980235 0.003936 -1
0 -16.746227 28.668007 -0.944006 0.980235 0.003936 -1
25
0.032900 0.480100 0.876600
-0.758300 -0.000100 0.651900
-0.731800 -0.198100 0.652100
-0.000000 -0.758000 0.652200
0.198100 -0.731700 0.652200
0.381200 -0.655200 0.652200
0.535900 -0.535800 0.652500
0.757800 -0.000000 0.652500
0.731500 0.198100 0.652400
0.380900 0.654700 0.652900
0.198100 0.731200 0.652800
-0.000000 0.757700 0.652600
-0.198000 0.731500 0.652500
-0.536200 0.536300 0.651800
-0.655400 0.381300 0.652000
0.654800 0.380900 0.652900
0.535600 0.535700 0.652800
0.654900 -0.381000 0.652600
-0.198100 -0.731700 0.652200
-0.655400 -0.381300 0.651900
-0.536800 -0.535600 0.652000
-0.381800 -0.654900 0.652100
-0.731900 0.198000 0.652000
0.731400 -0.198000 0.652600
-0.381000 0.654300 0.653300
24
0 0 1 2 0 1 2 1
0 0 3 4 0 3 4 1
0 0 5 6 0 5 6 1
0 0 7 8 0 7 8 1
0 0 9 10 0 9 10 1
0 0 11 12 0 11 12 1
0 0 13 14 0 13 14 1
0 0 10 11 0 10 11 1
0 0 15 16 0 15 16 1
0 0 6 17 0 6 17 1
0 0 18 3 0 18 3 1
0 0 19 20 0 19 20 1
0 0 20 21 0 20 21 1
0 0 14 22 0 14 22 1
0 0 21 18 0 21 18 1
0 0 23 7 0 23 7 1
0 0 16 9 0 16 9 1
0 0 24 13 0 24 13 1
0 0 12 24 0 12 24 1
0 0 8 15 0 8 15 1
0 0 17 23 0 17 23 1
0 0 4 5 0 4 5 1
0 0 2 19 0 2 19 1
0 0 22 1 0 22 1 1
"shell" 0 0
96
0 -14.209344 26.065025 0.000000 0.495059 0.004033 -1
0 -14.700000 27.400000 0.000000 0.495059 0.004033 -1
0 -27.299999 15.000000 0.000000 0.495059 0.004033 -1
0 -25.963413 14.497530 0.000000 0.495059 0.004033 -1
0 14.209344 26.065025 0.000000 0.495059 0.004033 -1
0 14.700000 27.400000 0.000000 0.495059 0.004033 -1
0 25.963413 14.497530 0.000000 0.495059 0.004033 -1
0 27.299999 15.000000 0.000000 0.495059 0.004033 -1
0 -25.963413 -14.497530 0.000000 0.495059 0.004033 -1
0 -27.299999 -15.000000 0.000000 0.495059 0.004033 -1
0 -14.700001 -27.400000 0.000000 0.495059 0.004033 -1
0 -14.209345 -26.065025 0.000000 0.495059 0.004033 -1
0 14.699999 -27.400000 0.000000 0.495059 0.004033 -1
0 14.209343 -26.065025 0.000000 0.495059 0.004033 -1
0 27.299999 -15.000000 0.000000 0.495059 0.004033 -1
0 25.963413 -14.497530 0.000000 0.495059 0.004033 -1
0 -12.089763 21.026344 8.500000 0.075197 0.049049 -1
0 -13.267951 23.903234 2.500000 0.017061 0.049049 -1
0 -23.803234 13.535178 2.500000 0.226577 0.049049 -1
0 -20.926344 12.330027 8.500000 0.250931 0.049049 -1
0 12.089763 21.026344 8.500000 0.075197 0.049049 -1
0 13.267951 23.903234 2.500000 0.017061 0.049049 -1
0 20.926344 12.330027 8.500000 0.250931 0.049049 -1
0 23.803234 13.535178 2.500000 0.226577 0.049049 -1
0 -20.926344 -12.330027 8.500000 0.749258 0.049049 -1
0 -23.803234 -13.535178 2.500000 0.773611 0.049049 -1
0 -13.267952 -23.903234 2.500000 0.983128 0.049049 -1
0 -12.089764 -21.026344 8.500000 0.924992 0.049049 -1
0 13.267950 -23.903234 2.500000 0.983128 0.049049 -1
0 12.089762 -21.026344 8.500000 0.924992 0.049049 -1
0 23.803234 -13.535178 2.500000 0.773611 0.049049 -1
0 20.926344 -12.330027 8.500000 0.749258 0.049049 -1
0 -11.546306 19.699335 7.500000 0.777864 0.075487 -1
0 -12.089763 21.026344 8.500000 0.777864 0.075487 -1
0 -20.926344 12.330027 8.500000 0.777864 0.075487 -1
0 -19.599335 11.774133 7.500000 0.777864 0.075487 -1
0 11.546306 19.699335 7.500000 0.034350 0.072107 -1
0 12.089763 21.026344 8.500000 0.034350 0.072107 -1
0 -12.089763 21.026344 8.500000 0.034350 0.072107 -1
0 -11.546306 19.699335 7.500000 0.034350 0.072107 -1
0 19.599335 11.774133 7.500000 0.155841 0.074629 -1
0 20.926344 12.330027 8.500000 0.155841 0.074629 -1
0 12.089763 21.026344 8.500000 0.155841 0.074629 -1
0 11.546306 19.699335 7.500000 0.155841 0.074629 -1
0 -19.599335 -11.774133 7.500000 0.686067 0.075158 -1
0 -20.926344 -12.330027 8.500000 0.686067 0.075158 -1
0 -12.089764 -21.026344 8.500000 0.686067 0.075158 -1
0 -11.546307 -19.699335 7.500000 0.686067 0.075158 -1
0 -11.546307 -19.699335 7.500000 0.586855 0.073382 -1
0 -12.089764 -21.026344 8.500000 0.586855 0.073382 -1
0 12.089762 -21.026344 8.500000 0.586855 0.073382 -1
0 11.546305 -19.699335 7.500000 0.586855 0.073382 -1
0 11.546305 -19.699335 7.500000 0.530612 0.072228 -1
0 12.089762 -21.026344 8.500000 0.530612 0.072228 -1
0 20.926344 -12.330027 8.500000 0.530612 0.072228 -1
0 19.599335 -11.774132 7.500000 0.530612 0.072228 -1
0 -19.599335 11.774133 7.500000 0.777032 0.072393 -1
0 -20.926344 12.330027 8.500000 0.777032 0.072393 -1
0 -20.926344 -12.330027 8.500000 0.777032 0.072393 -1
0 -19.599335 -11.774133 7.500000 0.777032 0.072393 -1
0 19.599335 -11.774132 7.500000 0.375450 0.071872 -1
0 20.926344 -12.330027 8.500000 0.375450 0.071872 -1
0 20.926344 12.330027 8.500000 0.375450 0.071872 -1
0 19.599335 11.774133 7.500000 0.375450 0.071872 -1
0 23.803234 -13.535178 2.500000 0.368215 0.017403 -1
0 25.963413 -14.497530 0.000000 0.368215 0.017403 -1
0 25.963413 14.497530 0.000000 0.368215 0.017403 -1
0 23.803234 13.535178 2.500000 0.368215 0.017403 -1
0 -23.803234 13.535178 2.500000 0.971817 0.019978 -1
0 -25.963413 14.497530 0.000000 0.971817 0.019978 -1
0 -25.963413 -14.497530 0.000000 0.971817 0.019978 -1
0 -23.803234 -13.535178 2.500000 0.971817 0.019978 -1
0 13.267950 -23.903234 2.500000 0.627873 0.021013 -1
0 14.209343 -26.065025 0.000000 0.627873 0.021013 -1
0 25.963413 -14.497530 0.000000 0.627873 0.021013 -1
0 23.803234 -13.535178 2.500000 0.627873 0.021013 -1
0 -13.267952 -23.903234 2.500000 0.629824 0.018406 -1
0 -14.209345 -26.065025 0.000000 0.629824 0.018406 -1
0 14.209343 -26.065025 0.000000 0.629824 0.018406 -1
0 13.267950 -23.903234 2.500000 0.629824 0.018406 -1
0 -23.803234 -13.535178 2.500000 0.741463 0.016895 -1
0 -25.963413 -14.497530 0.000000 0.741463 0.016895 -1
0 -14.209345 -26.065025 0.000000 0.741463 0.016895 -1
0 -13.267952 -23.903234 2.500000 0.741463 0.016895 -1
0 23.803234 13.535178 2.500000 0.244404 0.029167 -1
0 25.963413 14.497530 0.000000 0.244237 0.010569 -1
0 14.209344 26.065025 0.000000 0.196021 0.010569 -1
0 13.267951 23.903234 2.500000 0.193589 0.029167 -1
0 13.267951 23.903234 2.500000 0.158429 0.017060 -1
0 14.209344 26.065025 0.000000 0.158429 0.017060 -1
0 -14.209344 26.065025 0.000000 0.158429 0.017060 -1
0 -13.267951 23.903234 2.500000 0.158429 0.017060 -1
0 -13.267951 23.903234 2.500000 0.048300 0.029167 -1
0 -14.209344 26.065025 0.000000 0.047424 0.010569 -1
0 -25.963413 14.497530 0.000000 0.009745 0.010569 -1
0 -23.803234 13.535178 2.500000 0.008264 0.029167 -1
25
-0.000000 -0.000000 1.000000
-0.632500 0.642700 0.432400
-0.000000 0.901700 0.432400
0.632500 0.642700 0.432400
-0.632500 -0.642700 0.432400
-0.000000 -0.901700 0.432400
0.632500 -0.642700 0.432400
-0.901700 -0.000000 0.432400
0.901700 -0.000000 0.432400
0.422100 -0.428900 0.798600
-0.000000 -0.601800 0.798600
-0.422100 -0.428900 0.798600
0.422100 0.428900 0.798600
-0.000000 0.601800 0.798600
-0.422100 0.428900 0.798600
0.601800 -0.000000 0.798600
-0.601800 -0.000000 0.798600
0.756700 -0.000000 0.653800
-0.756700 -0.000000 0.653800
0.526500 -0.534900 0.660800
-0.000000 -0.756400 0.654100
-0.526500 -0.534900 0.660800
0.526500 0.534900 0.660800
-0.000000 0.756400 0.654100
-0.526500 0.534900 0.660800
64
0 0 1 2 0 0 0 1
0 0 2 3 0 0 0 1
0 4 5 1 0 0 0 1
0 4 1 0 0 0 0 1
0 6 7 5 0 0 0 1
0 6 5 4 0 0 0 1
0 8 9 10 0 0 0 1
0 8 10 11 0 0 0 1
0 11 10 12 0 0 0 1
0 11 12 13 0 0 0 1
0 13 12 14 0 0 0 1
0 13 14 15 0 0 0 1
0 3 2 9 0 0 0 1
0 3 9 8 0 0 0 1
0 15 14 7 0 0 0 1
0 15 7 6 0 0 0 1
0 16 17 18 1 1 1 1
0 16 18 19 1 1 1 1
0 20 21 17 2 2 2 1
0 20 17 16 2 2 2 1
0 22 23 21 3 3 3 1
0 22 21 20 3 3 3 1
0 24 25 26 4 4 4 1
0 24 26 27 4 4 4 1
0 27 26 28 5 5 5 1
0 27 28 29 5 5 5 1
0 29 28 30 6 6 6 1
0 29 30 31 6 6 6 1
0 19 18 25 7 7 7 1
0 19 25 24 7 7 7 1
0 31 30 23 8 8 8 1
0 31 23 22 8 8 8 1
0 32 33 34 9 9 9 1
0 32 34 35 9 9 9 1
0 36 37 38 10 10 10 1
0 36 38 39 10 10 10 1
0 40 41 42 11 11 11 1
0 40 42 43 11 11 11 1
0 44 45 46 12 12 12 1
0 44 46 47 12 12 12 1
0 48 49 50 13 13 13 1
0 48 50 51 13 13 13 1
0 52 53 54 14 14 14 1
0 52 54 55 14 14 14 1
0 56 57 58 15 15 15 1
0 56 58 59 15 15 15 1
0 60 61 62 16 16 16 1
0 60 62 63 16 16 16 1
0 64 65 66 17 17 17 1
0 64 66 67 17 17 17 1
0 68 69 70 18 18 18 1
0 68 70 71 18 18 18 1
0 72 73 74 19 19 19 1
0 72 74 75 19 19 19 1
0 76 77 78 20 20 20 1
0 76 78 79 20 20 20 1
0 80 81 82 21 21 21 1
0 80 82 83 21 21 21 1
0 84 85 86 22 22 22 1
0 84 86 87 22 22 22 1
0 88 89 90 23 23 23 1
0 88 90 91 23 23 23 1
0 92 93 94 24 24 24 1
0 92 94 95 24 24 24 1
"scroller" 0 1
24
0 -11.546306 19.699335 7.500000 0.726808 0.093769 -1
0 0.000002 0.000001 7.500000 0.343221 0.102653 -1
0 11.546306 19.699335 7.500000 0.726808 0.111537 -1
0 -19.599335 -11.774133 7.500000 0.726808 0.111118 -1
0 -11.546307 -19.699335 7.500000 0.726808 0.093403 -1
0 0.000002 0.000001 7.500000 0.343221 0.101954 -1
0 19.599335 -11.774132 7.500000 0.726808 0.112323 -1
0 19.599335 11.774133 7.500000 0.726808 0.091178 -1
0 0.000002 0.000001 7.500000 0.343221 0.101750 -1
0 -19.599335 11.774133 7.500000 0.726808 0.109025 -1
0 -19.599335 -11.774133 7.500000 0.726808 0.094224 -1
0 0.000002 0.000001 7.500000 0.343221 0.101624 -1
0 -11.546307 -19.699335 7.500000 0.726808 0.108940 -1
0 11.546305 -19.699335 7.500000 0.726808 0.095981 -1
0 0.000002 0.000001 7.500000 0.343221 0.102460 -1
0 0.000002 0.000001 7.500000 0.343221 0.101780 -1
0 19.599335 11.774133 7.500000 0.726808 0.108274 -1
0 11.546306 19.699335 7.500000 0.726808 0.095592 -1
0 0.000002 0.000001 7.500000 0.343221 0.103186 -1
0 -11.546306 19.699335 7.500000 0.726808 0.112559 -1
0 -19.599335 11.774133 7.500000 0.726808 0.093252 -1
0 11.546305 -19.699335 7.500000 0.726808 0.096610 -1
0 19.599335 -11.774132 7.500000 0.726808 0.109292 -1
0 0.000002 0.000001 7.500000 0.343221 0.102929 -1
1
-0.000000 -0.000000 1.000000
8
0 0 1 2 0 0 0 1
0 3 4 5 0 0 0 1
0 6 7 8 0 0 0 1
0 9 10 11 0 0 0 1
0 12 13 14 0 0 0 1
0 15 16 17 0 0 0 1
0 18 19 20 0 0 0 1
0 21 22 23 0 0 0 1
"pixels" 3 2
9
3 -11.546306 19.699335 7.600000 -5.593265 -8.455986 -1
3 0.000002 0.000001 7.600000 -0.015133 1.012646 -1
3 11.546306 19.699335 7.600000 5.563004 -8.455986 -1
3 -19.599335 -11.774133 7.600000 -9.483767 6.671971 -1
3 -11.546307 -19.699335 7.600000 -5.593267 10.481279 -1
3 19.599335 -11.774132 7.600000 9.453499 6.671972 -1
3 19.599335 11.774133 7.600000 9.453499 -4.646674 -1
3 -19.599335 11.774133 7.600000 -9.483767 -4.646675 -1
3 11.546305 -19.699335 7.600000 5.563005 10.481281 -1
1
-0.000000 -0.000000 1.000000
8
0 0 1 2 0 0 0 1
0 3 4 1 0 0 0 1
0 5 6 1 0 0 0 1
0 7 3 1 0 0 0 1
0 4 8 1 0 0 0 1
0 1 6 2 0 0 0 1
0 1 0 7 0 0 0 1
0 8 5 1 0 0 0 1
"feet" 3 4
9
3 -11.546306 19.699335 7.700000 0.327245 0.206757 -1
3 0.000002 0.000001 7.700000 0.500000 0.500000 -1
3 11.546306 19.699335 7.700000 0.672755 0.206757 -1
3 -19.599335 -11.774133 7.700000 0.206757 0.675269 -1
3 -11.546307 -19.699335 7.700000 0.327245 0.793243 -1
3 19.599335 -11.774132 7.700000 0.793243 0.675269 -1
3 19.599335 11.774133 7.700000 0.793243 0.324731 -1
3 -19.599335 11.774133 7.700000 0.206757 0.324731 -1
3 11.546305 -19.699335 7.700000 0.672755 0.793243 -1
1
-0.000000 -0.000000 1.000000
8
0 0 1 2 0 0 0 1
0 3 4 1 0 0 0 1
0 5 6 1 0 0 0 1
0 7 3 1 0 0 0 1
0 4 8 1 0 0 0 1
0 1 6 2 0 0 0 1
0 1 0 7 0 0 0 1
0 8 5 1 0 0 0 1

Materials: 5
"texcherstatic"
0.000000 0.000000 0.000000 1.000000
1.000000 1.000000 1.000000 1.000000
1.000000 1.000000 1.000000 1.000000
0.000000 0.000000 0.000000 1.000000
0.000000
1.000000
"textures/lift_texcher_down.png"
""
"texcher"
0.000000 0.000000 0.000000 1.000000
1.000000 1.000000 1.000000 1.000000
1.000000 1.000000 1.000000 1.000000
0.000000 0.000000 0.000000 1.000000
0.000000
1.000000
"textures/Down Tap Note ani texture.ini"
""
"pixels"
0.000000 0.000000 0.000000 1.000000
1.000000 1.000000 1.000000 1.000000
1.000000 1.000000 1.000000 1.000000
0.000000 0.000000 0.000000 1.000000
0.000000
1.000000
"textures/pixels_center.png"
""
"glow"
0.000000 0.000000 0.000000 1.000000
1.000000 1.000000 1.000000 1.000000
1.000000 1.000000 1.000000 1.000000
0.000000 0.000000 0.000000 1.000000
0.000000
1.000000
"textures/glow ani texture.ini"
""
"fetish"
0.000000 0.000000 0.000000 1.000000
1.000000 1.000000 1.000000 1.000000
1.000000 1.000000 1.000000 1.000000
0.000000 0.000000 0.000000 1.000000
0.000000
1.000000
"textures/feet.png"
""

Bones: 0
GroupComments: 0
MaterialComments: 0
BoneComments: 0
ModelComment: 0
