Materials: 4
"19 - Default"
0.588235 0.588235 0.588235 1.000000
0.588235 0.588235 0.588235 1.000000
0.898039 0.898039 0.898039 1.000000
0.000000 0.000000 0.000000 1.000000
12.000000
1.000000
"textures\8.ini"
""
"Material01"
0.000000 0.000000 0.000000 1.000000
0.000000 0.000000 0.000000 1.000000
0.000000 0.000000 0.000000 1.000000
0.000000 0.000000 0.000000 1.000000
0.000000
1.000000
""
""
"Material03"
1.000000 1.000000 1.000000 1.000000
1.000000 1.000000 1.000000 1.000000
1.000000 1.000000 1.000000 1.000000
1.000000 1.000000 1.000000 1.000000
0.000000
1.000000
""
""
"Material04"
0.580392 0.580392 0.580392 1.000000
0.580392 0.580392 0.580392 1.000000
0.666667 0.666667 0.666667 1.000000
0.000000 0.000000 0.000000 1.000000
12.000000
1.000000
"textures\8a.ini"
""