// MilkShape 3D ASCII

Frames: 30
Frame: 1

Meshes: 6
"l1" 0 2
20
0 -13.000000 20.000000 5.000000 0.000000 0.000000 -1
0 -20.000000 20.000000 5.000000 0.000000 0.000000 -1
0 -20.000000 15.000000 5.000000 0.000000 0.000000 -1
0 -5.000000 0.000000 5.000000 0.000000 0.000000 -1
0 -3.000000 3.000000 5.000000 0.000000 0.000000 -1
0 0.000000 7.000000 5.000000 0.000000 0.000000 -1
0 -3.000000 -3.000000 5.000000 0.000000 0.000000 -1
0 3.000000 3.000000 5.000000 0.000000 0.000000 -1
0 20.000000 20.000000 5.000000 0.000000 0.000000 -1
0 13.000000 20.000000 5.000000 0.000000 0.000000 -1
0 20.000000 15.000000 5.000000 0.000000 0.000000 -1
0 5.000000 0.000000 5.000000 0.000000 0.000000 -1
0 3.000000 -3.000000 5.000000 0.000000 0.000000 -1
0 20.000000 -20.000000 5.000000 0.000000 0.000000 -1
0 20.000000 -15.000000 5.000000 0.000000 0.000000 -1
0 13.000000 -20.000000 5.000000 0.000000 0.000000 -1
0 0.000000 -7.000000 5.000000 0.000000 0.000000 -1
0 -20.000000 -20.000000 5.000000 0.000000 0.000000 -1
0 -13.000000 -20.000000 5.000000 0.000000 0.000000 -1
0 -20.000000 -15.000000 5.000000 0.000000 0.000000 -1
1
0.000000 0.000000 1.000000
20
0 0 1 2 0 0 0 1
0 2 3 0 0 0 0 1
0 4 5 0 0 0 0 1
0 0 3 4 0 0 0 1
0 4 3 6 0 0 0 1
0 7 5 4 0 0 0 1
0 8 9 10 0 0 0 1
0 9 11 10 0 0 0 1
0 9 5 7 0 0 0 1
0 11 9 7 0 0 0 1
0 12 11 7 0 0 0 1
0 13 14 15 0 0 0 1
0 15 14 11 0 0 0 1
0 11 12 15 0 0 0 1
0 12 16 15 0 0 0 1
0 12 6 16 0 0 0 1
0 17 18 19 0 0 0 1
0 19 18 3 0 0 0 1
0 3 18 6 0 0 0 1
0 6 18 16 0 0 0 1
"l2" 0 3
32
0 -25.000000 15.000000 2.000000 0.000000 0.000000 -1
0 -20.000000 20.000000 5.000000 0.000000 0.000000 -1
0 -25.000000 25.000000 2.000000 0.000000 0.000000 -1
0 -15.000000 25.000000 2.000000 0.000000 0.000000 -1
0 -13.000000 20.000000 5.000000 0.000000 0.000000 -1
0 0.000000 10.000000 2.000000 0.000000 0.000000 -1
0 0.000000 7.000000 5.000000 0.000000 0.000000 -1
0 13.000000 20.000000 5.000000 0.000000 0.000000 -1
0 15.000000 25.000000 2.000000 0.000000 0.000000 -1
0 20.000000 20.000000 5.000000 0.000000 0.000000 -1
0 25.000000 25.000000 2.000000 0.000000 0.000000 -1
0 25.000000 15.000000 2.000000 0.000000 0.000000 -1
0 20.000000 15.000000 5.000000 0.000000 0.000000 -1
0 10.000000 0.000000 2.000000 0.000000 0.000000 -1
0 5.000000 0.000000 5.000000 0.000000 0.000000 -1
0 20.000000 -15.000000 5.000000 0.000000 0.000000 -1
0 25.000000 -15.000000 2.000000 0.000000 0.000000 -1
0 20.000000 -20.000000 5.000000 0.000000 0.000000 -1
0 13.000000 -20.000000 5.000000 0.000000 0.000000 -1
0 15.000000 -25.000000 2.000000 0.000000 0.000000 -1
0 0.000000 -10.000000 2.000000 0.000000 0.000000 -1
0 0.000000 -7.000000 5.000000 0.000000 0.000000 -1
0 -13.000000 -20.000000 5.000000 0.000000 0.000000 -1
0 -15.000000 -25.000000 2.000000 0.000000 0.000000 -1
0 -20.000000 -20.000000 5.000000 0.000000 0.000000 -1
0 -25.000000 -25.000000 2.000000 0.000000 0.000000 -1
0 -25.000000 -15.000000 2.000000 0.000000 0.000000 -1
0 -20.000000 -15.000000 5.000000 0.000000 0.000000 -1
0 -10.000000 0.000000 2.000000 0.000000 0.000000 -1
0 -5.000000 0.000000 5.000000 0.000000 0.000000 -1
0 -20.000000 15.000000 5.000000 0.000000 0.000000 -1
0 25.000000 -25.000000 2.000000 0.000000 0.000000 -1
24
-0.508164 -0.156398 0.846941
-0.276172 0.276172 0.920575
0.202008 0.562040 0.802062
0.404016 0.584032 0.704043
0.000000 0.707107 0.707107
-0.404016 0.584032 0.704043
-0.202008 0.562040 0.802062
0.276172 0.276172 0.920575
0.508164 -0.156398 0.846941
0.488679 -0.312795 0.814464
0.514496 0.000000 0.857493
0.488679 0.312795 0.814464
0.508164 0.156398 0.846941
0.276172 -0.276172 0.920575
-0.404016 -0.584032 0.704043
-0.202008 -0.562040 0.802062
0.000000 -0.707107 0.707107
0.404016 -0.584032 0.704043
0.202008 -0.562040 0.802062
-0.276172 -0.276172 0.920575
-0.508164 0.156398 0.846941
-0.488679 0.312795 0.814464
-0.514496 0.000000 0.857493
-0.488679 -0.312795 0.814464
32
0 0 1 2 0 1 1 1
0 2 1 3 1 1 2 1
0 3 1 4 2 1 3 1
0 4 5 3 3 4 2 1
0 4 6 5 3 4 4 1
0 6 7 5 4 5 4 1
0 5 7 8 4 5 6 1
0 8 7 9 6 5 7 1
0 9 10 8 7 7 6 1
0 9 11 10 7 8 7 1
0 9 12 11 7 9 8 1
0 11 12 13 8 9 10 1
0 13 12 14 10 9 10 1
0 14 15 13 10 11 10 1
0 13 15 16 10 11 12 1
0 16 15 17 12 11 13 1
0 17 18 19 13 14 15 1
0 19 18 20 15 14 16 1
0 20 18 21 16 14 16 1
0 21 22 20 16 17 16 1
0 20 22 23 16 17 18 1
0 23 22 24 18 17 19 1
0 24 25 23 19 19 18 1
0 24 26 25 19 20 19 1
0 24 27 26 19 21 20 1
0 28 26 27 22 20 21 1
0 29 28 27 22 22 21 1
0 29 30 28 22 23 22 1
0 30 0 28 23 0 22 1
0 30 1 0 23 1 0 1
0 19 31 17 15 13 13 1
0 17 31 16 13 13 12 1
"l3" 0 1
32
0 -26.000000 14.000000 3.000000 0.000000 0.000000 -1
0 -25.000000 15.000000 2.000000 0.000000 0.000000 -1
0 -25.000000 25.000000 2.000000 0.000000 0.000000 -1
0 -14.000000 26.000000 3.000000 0.000000 0.000000 -1
0 -26.000000 26.000000 3.000000 0.000000 0.000000 -1
0 -15.000000 25.000000 2.000000 0.000000 0.000000 -1
0 0.000000 10.000000 2.000000 0.000000 0.000000 -1
0 0.000000 12.000000 3.000000 0.000000 0.000000 -1
0 15.000000 25.000000 2.000000 0.000000 0.000000 -1
0 14.000000 26.000000 3.000000 0.000000 0.000000 -1
0 26.000000 26.000000 3.000000 0.000000 0.000000 -1
0 25.000000 25.000000 2.000000 0.000000 0.000000 -1
0 25.000000 15.000000 2.000000 0.000000 0.000000 -1
0 26.000000 14.000000 3.000000 0.000000 0.000000 -1
0 12.000000 0.000000 3.000000 0.000000 0.000000 -1
0 10.000000 0.000000 2.000000 0.000000 0.000000 -1
0 25.000000 -15.000000 2.000000 0.000000 0.000000 -1
0 26.000000 -14.000000 3.000000 0.000000 0.000000 -1
0 14.000000 -26.000000 3.000000 0.000000 0.000000 -1
0 15.000000 -25.000000 2.000000 0.000000 0.000000 -1
0 0.000000 -10.000000 2.000000 0.000000 0.000000 -1
0 0.000000 -12.000000 3.000000 0.000000 0.000000 -1
0 -15.000000 -25.000000 2.000000 0.000000 0.000000 -1
0 -14.000000 -26.000000 3.000000 0.000000 0.000000 -1
0 -25.000000 -25.000000 2.000000 0.000000 0.000000 -1
0 -26.000000 -26.000000 3.000000 0.000000 0.000000 -1
0 -25.000000 -15.000000 2.000000 0.000000 0.000000 -1
0 -26.000000 -14.000000 3.000000 0.000000 0.000000 -1
0 -10.000000 0.000000 2.000000 0.000000 0.000000 -1
0 -12.000000 0.000000 3.000000 0.000000 0.000000 -1
0 25.000000 -25.000000 2.000000 0.000000 0.000000 -1
0 26.000000 -26.000000 3.000000 0.000000 0.000000 -1
29
0.626423 0.140325 0.766748
0.523699 0.280649 0.804348
0.408248 -0.408248 0.816497
-0.211325 -0.577350 0.788675
-0.211325 -0.577350 0.788675
-0.147442 -0.442326 0.884652
0.147442 -0.442326 0.884652
0.211325 -0.577350 0.788675
0.211325 -0.577350 0.788675
-0.408248 -0.408248 0.816497
-0.577350 0.211325 0.788675
-0.577350 0.211325 0.788675
-0.447214 0.000000 0.894427
-0.577350 -0.211325 0.788675
-0.577350 -0.211325 0.788675
0.211325 0.577350 0.788675
0.211325 0.577350 0.788675
0.147442 0.442326 0.884652
-0.147442 0.442326 0.884652
-0.280649 0.523699 0.804348
-0.140325 0.626423 0.766748
0.267261 0.534522 0.801784
0.534522 0.267261 0.801784
0.626423 -0.140325 0.766748
0.523699 -0.280649 0.804348
0.442326 -0.147442 0.884652
0.442326 0.147442 0.884652
-0.267261 0.534522 0.801784
-0.534522 0.267261 0.801784
32
0 0 1 2 0 1 2 1
0 2 3 4 2 3 2 1
0 2 5 3 2 4 3 1
0 3 5 6 3 4 5 1
0 6 7 3 5 6 3 1
0 6 8 7 5 7 6 1
0 7 8 9 6 7 8 1
0 8 10 9 7 9 8 1
0 10 8 11 9 7 9 1
0 11 12 10 9 10 9 1
0 10 12 13 9 10 11 1
0 12 14 13 10 12 11 1
0 12 15 14 10 12 12 1
0 15 16 14 12 13 12 1
0 14 16 17 12 13 14 1
0 18 19 20 15 16 17 1
0 20 21 18 17 18 15 1
0 20 22 21 17 19 18 1
0 21 22 23 18 19 20 1
0 23 22 24 20 19 21 1
0 24 25 23 21 22 20 1
0 24 26 25 21 23 22 1
0 25 26 27 22 23 24 1
0 27 26 28 24 23 25 1
0 28 29 27 25 26 24 1
0 29 28 1 26 25 1 1
0 1 0 29 1 0 26 1
0 2 4 0 2 2 0 1
0 30 18 31 27 15 28 1
0 30 19 18 27 16 15 1
0 30 31 16 27 28 13 1
0 16 31 17 13 28 14 1
"l4" 0 0
32
0 -26.000000 -14.000000 3.000000 0.000000 0.000000 -1
0 -12.000000 0.000000 3.000000 0.000000 0.000000 -1
0 -27.000000 -13.000000 4.000000 0.000000 0.000000 -1
0 -26.000000 26.000000 3.000000 0.000000 0.000000 -1
0 -13.000000 27.000000 4.000000 0.000000 0.000000 -1
0 -27.000000 27.000000 4.000000 0.000000 0.000000 -1
0 -14.000000 26.000000 3.000000 0.000000 0.000000 -1
0 0.000000 12.000000 3.000000 0.000000 0.000000 -1
0 0.000000 14.000000 4.000000 0.000000 0.000000 -1
0 14.000000 26.000000 3.000000 0.000000 0.000000 -1
0 13.000000 27.000000 4.000000 0.000000 0.000000 -1
0 27.000000 27.000000 4.000000 0.000000 0.000000 -1
0 26.000000 26.000000 3.000000 0.000000 0.000000 -1
0 26.000000 14.000000 3.000000 0.000000 0.000000 -1
0 27.000000 13.000000 4.000000 0.000000 0.000000 -1
0 12.000000 0.000000 3.000000 0.000000 0.000000 -1
0 14.000000 0.000000 4.000000 0.000000 0.000000 -1
0 26.000000 -14.000000 3.000000 0.000000 0.000000 -1
0 27.000000 -13.000000 4.000000 0.000000 0.000000 -1
0 26.000000 -26.000000 3.000000 0.000000 0.000000 -1
0 27.000000 -27.000000 4.000000 0.000000 0.000000 -1
0 13.000000 -27.000000 4.000000 0.000000 0.000000 -1
0 14.000000 -26.000000 3.000000 0.000000 0.000000 -1
0 0.000000 -12.000000 3.000000 0.000000 0.000000 -1
0 0.000000 -14.000000 4.000000 0.000000 0.000000 -1
0 -14.000000 -26.000000 3.000000 0.000000 0.000000 -1
0 -13.000000 -27.000000 4.000000 0.000000 0.000000 -1
0 -27.000000 -27.000000 4.000000 0.000000 0.000000 -1
0 -26.000000 -26.000000 3.000000 0.000000 0.000000 -1
0 -14.000000 0.000000 4.000000 0.000000 0.000000 -1
0 -26.000000 14.000000 3.000000 0.000000 0.000000 -1
0 -27.000000 13.000000 4.000000 0.000000 0.000000 -1
26
0.626423 -0.140325 0.766748
0.442326 -0.147442 0.884652
0.523699 -0.280649 0.804348
0.408248 -0.408248 0.816497
-0.140325 -0.626423 0.766748
-0.280649 -0.523699 0.804348
0.000000 -0.447214 0.894427
0.211325 -0.577350 0.788675
0.211325 -0.577350 0.788675
-0.408248 -0.408248 0.816497
-0.626423 0.140325 0.766748
-0.523699 0.280649 0.804348
-0.442326 0.147442 0.884652
-0.442326 -0.147442 0.884652
-0.523699 -0.280649 0.804348
-0.626423 -0.140325 0.766748
-0.408248 0.408248 0.816497
0.211325 0.577350 0.788675
0.211325 0.577350 0.788675
0.000000 0.447214 0.894427
-0.140325 0.626423 0.766748
-0.280649 0.523699 0.804348
0.408248 0.408248 0.816497
0.442326 0.147442 0.884652
0.523699 0.280649 0.804348
0.626423 0.140325 0.766748
32
0 0 1 2 0 1 2 1
0 3 4 5 3 4 3 1
0 3 6 4 3 5 4 1
0 6 7 8 5 6 6 1
0 8 4 6 6 4 5 1
0 7 9 8 6 7 6 1
0 8 9 10 6 7 8 1
0 10 9 11 8 7 9 1
0 11 9 12 9 7 9 1
0 12 13 11 9 10 9 1
0 11 13 14 9 10 11 1
0 13 15 14 10 12 11 1
0 14 15 16 11 12 13 1
0 15 17 16 12 14 13 1
0 16 17 18 13 14 15 1
0 18 17 19 15 14 16 1
0 19 20 18 16 16 15 1
0 19 21 20 16 17 16 1
0 19 22 21 16 18 17 1
0 21 22 23 17 18 19 1
0 23 24 21 19 19 17 1
0 23 25 26 19 20 21 1
0 26 24 23 21 19 19 1
0 25 27 26 20 22 21 1
0 27 25 28 22 20 22 1
0 28 0 27 22 0 22 1
0 27 0 2 22 0 2 1
0 2 1 29 2 1 23 1
0 1 30 29 1 24 23 1
0 29 30 31 23 24 25 1
0 31 30 3 25 24 3 1
0 3 5 31 3 3 25 1
"l5" 0 0
32
0 -27.000000 27.000000 4.000000 0.000000 0.000000 -1
0 -13.000000 27.000000 0.000000 0.000000 0.000000 -1
0 -27.000000 27.000000 0.000000 0.000000 0.000000 -1
0 -13.000000 27.000000 4.000000 0.000000 0.000000 -1
0 0.000000 14.000000 4.000000 0.000000 0.000000 -1
0 0.000000 14.000000 0.000000 0.000000 0.000000 -1
0 13.000000 27.000000 4.000000 0.000000 0.000000 -1
0 13.000000 27.000000 0.000000 0.000000 0.000000 -1
0 27.000000 27.000000 0.000000 0.000000 0.000000 -1
0 27.000000 27.000000 4.000000 0.000000 0.000000 -1
0 27.000000 13.000000 0.000000 0.000000 0.000000 -1
0 27.000000 13.000000 4.000000 0.000000 0.000000 -1
0 14.000000 0.000000 4.000000 0.000000 0.000000 -1
0 14.000000 0.000000 0.000000 0.000000 0.000000 -1
0 27.000000 -13.000000 0.000000 0.000000 0.000000 -1
0 27.000000 -13.000000 4.000000 0.000000 0.000000 -1
0 13.000000 -27.000000 4.000000 0.000000 0.000000 -1
0 27.000000 -27.000000 0.000000 0.000000 0.000000 -1
0 27.000000 -27.000000 4.000000 0.000000 0.000000 -1
0 13.000000 -27.000000 0.000000 0.000000 0.000000 -1
0 0.000000 -14.000000 4.000000 0.000000 0.000000 -1
0 0.000000 -14.000000 0.000000 0.000000 0.000000 -1
0 -13.000000 -27.000000 0.000000 0.000000 0.000000 -1
0 -13.000000 -27.000000 4.000000 0.000000 0.000000 -1
0 -27.000000 -27.000000 0.000000 0.000000 0.000000 -1
0 -27.000000 -27.000000 4.000000 0.000000 0.000000 -1
0 -27.000000 -13.000000 4.000000 0.000000 0.000000 -1
0 -27.000000 -13.000000 0.000000 0.000000 0.000000 -1
0 -14.000000 0.000000 4.000000 0.000000 0.000000 -1
0 -14.000000 0.000000 0.000000 0.000000 0.000000 -1
0 -27.000000 13.000000 0.000000 0.000000 0.000000 -1
0 -27.000000 13.000000 4.000000 0.000000 0.000000 -1
22
-0.707107 0.707107 0.000000
0.252725 0.967538 0.000000
0.505449 0.862856 0.000000
0.000000 1.000000 0.000000
-0.382683 0.923880 0.000000
0.447214 0.894427 0.000000
0.894427 0.447214 0.000000
0.923880 -0.382683 0.000000
1.000000 0.000000 0.000000
0.923880 0.382683 0.000000
-0.252725 -0.967538 0.000000
0.447214 -0.894427 0.000000
0.894427 -0.447214 0.000000
-0.505449 -0.862856 0.000000
0.000000 -1.000000 0.000000
0.505449 -0.862856 0.000000
0.252725 -0.967538 0.000000
-0.707107 -0.707107 0.000000
-0.967538 0.252725 0.000000
-0.862856 0.505449 0.000000
-1.000000 0.000000 0.000000
-0.923880 -0.382683 0.000000
32
0 0 1 2 0 1 0 1
0 0 3 1 0 2 1 1
0 3 4 5 2 3 3 1
0 5 1 3 3 1 2 1
0 4 6 5 3 4 3 1
0 5 6 7 3 4 4 1
0 7 6 8 4 4 5 1
0 8 6 9 5 4 6 1
0 10 8 9 7 5 6 1
0 9 11 10 6 7 7 1
0 12 13 10 8 8 7 1
0 10 11 12 7 7 8 1
0 12 14 13 8 9 8 1
0 12 15 14 8 9 9 1
0 16 17 18 10 11 12 1
0 19 17 16 13 11 10 1
0 20 21 19 14 14 13 1
0 19 16 20 13 10 14 1
0 20 22 21 14 15 14 1
0 23 22 20 16 15 14 1
0 24 22 23 17 15 16 1
0 23 25 24 16 17 17 1
0 24 25 26 17 17 18 1
0 26 27 24 18 19 17 1
0 26 28 27 18 20 19 1
0 28 29 27 20 20 19 1
0 29 28 30 20 20 21 1
0 31 0 30 21 0 21 1
0 30 0 2 21 0 0 1
0 28 31 30 20 21 21 1
0 18 14 15 12 9 9 1
0 18 17 14 12 11 9 1
"Box01" 0 0
16
0 -3.000000 3.000000 6.196146 0.000000 0.000000 -1
0 -3.000000 -3.000000 6.196146 0.000000 1.000000 -1
0 3.000000 3.000000 6.196146 1.000000 0.000000 -1
0 3.000000 -3.000000 6.196146 1.000000 1.000000 -1
0 3.000000 3.000000 6.196146 0.000000 0.000000 -1
0 3.000000 -3.000000 6.196146 0.000000 1.000000 -1
0 3.000000 3.000000 -0.000000 1.000000 0.000000 -1
0 3.000000 -3.000000 0.000000 1.000000 1.000000 -1
0 -3.000000 3.000000 -0.000000 0.000000 0.000000 -1
0 -3.000000 -3.000000 0.000000 0.000000 1.000000 -1
0 -3.000000 3.000000 6.196146 1.000000 0.000000 -1
0 -3.000000 -3.000000 6.196146 1.000000 1.000000 -1
0 -3.000000 3.000000 6.196146 0.000000 1.000000 -1
0 3.000000 3.000000 6.196146 1.000000 1.000000 -1
0 -3.000000 -3.000000 6.196146 0.000000 0.000000 -1
0 3.000000 -3.000000 6.196146 1.000000 0.000000 -1
5
-0.000000 -0.000000 1.000000
1.000000 -0.000000 -0.000000
-1.000000 -0.000000 -0.000000
-0.000000 1.000000 -0.000000
-0.000000 -1.000000 -0.000000
10
0 0 1 2 0 0 0 1
0 1 3 2 0 0 0 1
0 4 5 6 1 1 1 1
0 5 7 6 1 1 1 1
0 8 9 10 2 2 2 1
0 9 11 10 2 2 2 1
0 8 12 6 3 3 3 1
0 12 13 6 3 3 3 1
0 14 9 15 4 4 4 1
0 9 7 15 4 4 4 1