// MilkShape 3D ASCII

Frames: 30
Frame: 1

Meshes: 5
"Box06" 0 1
20
0 -3.000000 2.000001 9.219840 0.000000 0.000000 -1
0 -3.000000 -3.999999 9.219840 0.000000 1.000000 -1
0 3.000000 2.000001 9.219840 1.000000 0.000000 -1
0 3.000000 -3.999999 9.219840 1.000000 1.000000 -1
0 3.000000 2.000001 9.219840 0.000000 0.000000 -1
0 3.000000 -3.999999 9.219840 0.000000 1.000000 -1
0 3.000000 2.000000 -0.000000 1.000000 0.000000 -1
0 3.000000 -4.000000 0.000000 1.000000 1.000000 -1
0 -3.000000 2.000000 -0.000000 0.000000 0.000000 -1
0 -3.000000 -4.000000 0.000000 0.000000 1.000000 -1
0 -3.000000 2.000001 9.219840 1.000000 0.000000 -1
0 -3.000000 -3.999999 9.219840 1.000000 1.000000 -1
0 -3.000000 2.000001 9.219840 0.000000 1.000000 -1
0 3.000000 2.000001 9.219840 1.000000 1.000000 -1
0 -3.000000 -3.999999 9.219840 0.000000 0.000000 -1
0 3.000000 -3.999999 9.219840 1.000000 0.000000 -1
0 3.000000 2.000000 -0.000000 0.000000 0.000000 -1
0 -3.000000 2.000000 -0.000000 1.000000 0.000000 -1
0 -3.000000 -4.000000 0.000000 1.000000 1.000000 -1
0 3.000000 -4.000000 0.000000 0.000000 1.000000 -1
17
-0.000000 -0.000000 1.000000
1.000000 -0.000000 -0.000000
0.785600 0.601600 -0.144400
0.109600 -0.109200 -0.988000
-0.582300 -0.011600 -0.812900
-0.601500 -0.785700 -0.144400
-1.000000 -0.000000 -0.000000
-0.582200 -0.011600 -0.812900
-0.000000 1.000000 -0.000000
0.785700 0.601600 -0.144400
-0.000000 -1.000000 -0.000000
-0.601600 -0.785700 -0.144400
0.109500 -0.109300 -0.988000
-0.785600 -0.601600 0.144400
0.582300 0.011600 0.812900
0.601500 0.785700 0.144400
-0.109600 0.109300 0.988000
12
0 0 1 2 0 0 0 1
0 1 3 2 0 0 0 1
0 4 5 6 1 1 2 1
0 5 7 6 1 3 2 1
0 8 9 10 4 5 6 1
0 9 11 10 5 6 6 1
0 8 12 6 7 8 9 1
0 12 13 6 8 8 9 1
0 14 9 15 10 11 10 1
0 9 7 15 11 12 10 1
0 16 17 18 13 14 15 1
0 16 18 19 13 15 16 1
"Regroup04" 0 2
42
0 -29.000000 -3.000000 6.000000 0.000000 0.000000 -1
0 -28.000000 10.000000 2.999999 0.000000 0.000000 -1
0 -29.000000 11.000000 5.999999 0.000000 0.000000 -1
0 -16.000000 10.000000 2.999999 0.000000 0.000000 -1
0 -15.000000 11.000000 5.999999 0.000000 0.000000 -1
0 -11.000000 7.000000 6.000000 0.000000 0.000000 -1
0 -10.000000 4.000000 3.000000 0.000000 0.000000 -1
0 -10.000000 22.000000 2.999998 0.000000 0.000000 -1
0 -11.000000 23.000000 5.999998 0.000000 0.000000 -1
0 -5.000000 29.000000 5.999998 0.000000 0.000000 -1
0 -4.000000 28.000000 2.999998 0.000000 0.000000 -1
0 5.000000 29.000000 5.999998 0.000000 0.000000 -1
0 4.000000 28.000000 2.999998 0.000000 0.000000 -1
0 11.000000 23.000000 5.999998 0.000000 0.000000 -1
0 10.000000 22.000000 2.999998 0.000000 0.000000 -1
0 11.000000 7.000000 6.000000 0.000000 0.000000 -1
0 10.000000 4.000000 3.000000 0.000000 0.000000 -1
0 16.000000 10.000000 2.999999 0.000000 0.000000 -1
0 15.000000 11.000000 5.999999 0.000000 0.000000 -1
0 28.000000 10.000000 2.999999 0.000000 0.000000 -1
0 29.000000 11.000000 5.999999 0.000000 0.000000 -1
0 29.000000 -3.000000 6.000000 0.000000 0.000000 -1
0 28.000000 -2.000000 3.000000 0.000000 0.000000 -1
0 3.000000 -29.000000 6.000002 0.000000 0.000000 -1
0 2.000000 -28.000000 3.000002 0.000000 0.000000 -1
0 -3.000000 -29.000000 6.000002 0.000000 0.000000 -1
0 -2.000000 -28.000000 3.000002 0.000000 0.000000 -1
0 -28.000000 -2.000000 3.000000 0.000000 0.000000 -1
0 5.000000 29.000000 -0.000002 0.000000 0.000000 -1
0 -5.000000 29.000000 -0.000002 0.000000 0.000000 -1
0 11.000000 23.000000 -0.000002 0.000000 0.000000 -1
0 11.000000 7.000000 -0.000001 0.000000 0.000000 -1
0 15.000000 11.000000 -0.000001 0.000000 0.000000 -1
0 29.000000 11.000000 -0.000001 0.000000 0.000000 -1
0 29.000000 -3.000000 0.000000 0.000000 0.000000 -1
0 3.000000 -29.000000 0.000002 0.000000 0.000000 -1
0 -3.000000 -29.000000 0.000002 0.000000 0.000000 -1
0 -29.000000 -3.000000 0.000000 0.000000 0.000000 -1
0 -29.000000 11.000000 -0.000001 0.000000 0.000000 -1
0 -15.000000 11.000000 -0.000001 0.000000 0.000000 -1
0 -11.000000 7.000000 -0.000001 0.000000 0.000000 -1
0 -11.000000 23.000000 -0.000002 0.000000 0.000000 -1
42
-0.158500 -0.062900 0.985300
0.639600 -0.639600 0.426400
-0.080600 0.080700 0.993500
-0.453100 -0.789500 0.414000
0.490800 0.555900 0.670900
-0.780200 -0.275000 0.561900
0.713000 -0.362500 0.600200
0.789400 -0.453100 0.414200
0.616000 0.050000 0.786100
-0.113300 0.156700 0.981100
0.226700 -0.898800 0.375200
0.490800 0.555800 0.670900
-0.453100 -0.789400 0.414200
0.345500 -0.412500 0.842900
-0.898800 -0.226700 0.375200
-0.569100 0.074500 0.818900
-0.300800 -0.622400 0.722600
0.453100 -0.789400 0.414200
-0.062900 0.158500 0.985300
-0.639600 -0.639600 0.426400
0.856300 0.041700 0.514800
-0.093400 -0.588000 0.803500
-0.789400 0.453100 0.414100
-0.412500 -0.345500 0.842900
-0.226700 0.898800 0.375200
-0.080600 0.455200 0.886700
0.342700 0.851000 0.397900
0.789400 0.453100 0.414200
0.305100 0.952300 -0.000000
-0.305100 0.952300 -0.000000
0.899700 0.436600 -0.000000
0.382600 0.923900 -0.000000
-0.457600 0.889200 -0.000000
0.600200 0.799900 -0.000000
0.923900 -0.382700 -0.000000
0.382700 -0.923900 -0.000000
-0.382700 -0.923900 -0.000000
-0.923900 -0.382700 -0.000000
-0.600200 0.799900 -0.000100
0.457600 0.889200 -0.000000
-0.382600 0.923900 -0.000000
-0.899700 0.436600 -0.000000
56
0 0 1 2 0 1 2 1
0 1 3 4 1 3 4 1
0 3 5 4 3 5 4 1
0 3 6 5 3 6 5 1
0 6 7 8 6 7 8 1
0 7 9 8 7 9 8 1
0 7 10 9 7 10 9 1
0 10 11 9 10 11 9 1
0 12 13 11 12 13 11 1
0 14 15 13 14 15 13 1
0 14 16 15 14 16 15 1
0 16 17 15 16 17 15 1
0 15 17 18 15 17 18 1
0 17 19 18 17 19 18 1
0 18 19 20 18 19 20 1
0 19 21 20 19 21 20 1
0 19 22 21 19 22 21 1
0 22 23 21 22 23 21 1
0 22 24 23 22 24 23 1
0 24 25 23 24 25 23 1
0 24 26 25 24 26 25 1
0 25 26 27 25 26 27 1
0 27 0 25 27 0 25 1
0 0 27 1 0 27 1 1
0 11 28 29 11 28 29 1
0 11 29 9 11 29 9 1
0 11 30 28 11 30 28 1
0 15 31 13 15 31 13 1
0 18 32 15 18 32 15 1
0 15 32 31 15 32 31 1
0 18 33 32 18 33 32 1
0 20 33 18 20 33 18 1
0 20 34 33 20 34 33 1
0 20 21 34 20 21 34 1
0 21 35 34 21 35 34 1
0 23 35 21 23 35 21 1
0 36 35 23 36 35 23 1
0 23 25 36 23 25 36 1
0 37 36 25 37 36 25 1
0 25 0 37 25 0 37 1
0 38 37 0 38 37 0 1
0 38 0 2 38 0 2 1
0 4 39 38 4 39 38 1
0 5 40 4 5 40 4 1
0 4 40 39 4 40 39 1
0 8 41 5 8 41 5 1
0 41 8 9 41 8 9 1
0 9 29 41 9 29 41 1
0 31 30 13 31 30 13 1
0 1 4 2 1 4 2 1
0 6 8 5 6 8 5 1
0 10 12 11 10 12 11 1
0 12 14 13 12 14 13 1
0 30 11 13 30 11 13 1
0 38 2 4 38 2 4 1
0 41 40 5 41 40 5 1
"Regroup07" 0 1
30
0 -28.000000 10.000000 2.999999 0.000000 0.000000 -1
0 -28.000000 -2.000000 3.000000 0.000000 0.000000 -1
0 -27.000000 -1.000000 4.500000 0.000000 0.000000 -1
0 -27.000000 9.000000 4.500000 0.000000 0.000000 -1
0 -17.000000 9.000000 4.500000 0.000000 0.000000 -1
0 -16.000000 10.000000 2.999999 0.000000 0.000000 -1
0 -10.000000 2.000000 4.500000 0.000000 0.000000 -1
0 -10.000000 4.000000 3.000000 0.000000 0.000000 -1
0 -9.000000 2.000000 4.500000 0.000000 0.000000 -1
0 -9.000000 21.000000 4.499999 0.000000 0.000000 -1
0 -10.000000 22.000000 2.999998 0.000000 0.000000 -1
0 -3.000000 27.000000 4.499998 0.000000 0.000000 -1
0 -4.000000 28.000000 2.999998 0.000000 0.000000 -1
0 3.000000 27.000000 4.499998 0.000000 0.000000 -1
0 4.000000 28.000000 2.999998 0.000000 0.000000 -1
0 9.000000 21.000000 4.499999 0.000000 0.000000 -1
0 10.000000 22.000000 2.999998 0.000000 0.000000 -1
0 10.000000 4.000000 3.000000 0.000000 0.000000 -1
0 9.000000 2.000000 4.500000 0.000000 0.000000 -1
0 10.000000 2.000000 4.500000 0.000000 0.000000 -1
0 17.000000 9.000000 4.500000 0.000000 0.000000 -1
0 16.000000 10.000000 2.999999 0.000000 0.000000 -1
0 27.000000 9.000000 4.500000 0.000000 0.000000 -1
0 28.000000 10.000000 2.999999 0.000000 0.000000 -1
0 27.000000 -1.000000 4.500000 0.000000 0.000000 -1
0 28.000000 -2.000000 3.000000 0.000000 0.000000 -1
0 2.000000 -28.000000 3.000002 0.000000 0.000000 -1
0 1.000000 -27.000000 4.500002 0.000000 0.000000 -1
0 -1.000000 -27.000000 4.500002 0.000000 0.000000 -1
0 -2.000000 -28.000000 3.000002 0.000000 0.000000 -1
24
-0.514500 0.514500 0.686000
-0.674600 -0.321900 0.664300
-0.730400 -0.232700 0.642100
0.232700 0.730400 0.642100
0.321900 0.674600 0.664300
0.203300 0.587500 0.783300
-0.251700 0.382300 0.889100
-0.369400 0.432200 0.822600
-0.730400 0.232700 0.642100
-0.674600 0.321900 0.664300
-0.232700 0.730400 0.642100
-0.321900 0.674600 0.664300
0.730400 0.232700 0.642100
0.674600 0.321900 0.664300
0.251700 0.382300 0.889100
0.369400 0.432200 0.822600
-0.203300 0.587500 0.783300
0.514500 0.514500 0.686000
0.730400 -0.232700 0.642100
0.674600 -0.321900 0.664300
0.321900 -0.674600 0.664300
0.232700 -0.730400 0.642100
-0.232700 -0.730400 0.642100
-0.321900 -0.674600 0.664300
30
0 0 1 2 0 1 2 1
0 2 3 0 2 0 0 1
0 0 3 4 0 0 3 1
0 4 5 0 3 4 0 1
0 4 6 5 3 5 4 1
0 5 6 7 4 5 6 1
0 6 8 7 5 7 6 1
0 8 9 7 7 8 6 1
0 7 9 10 6 8 9 1
0 10 9 11 9 8 10 1
0 11 12 10 10 11 9 1
0 11 13 12 10 3 11 1
0 12 13 14 11 3 4 1
0 14 13 15 4 3 12 1
0 15 16 14 12 13 4 1
0 15 17 16 12 14 13 1
0 15 18 17 12 15 14 1
0 17 18 19 14 15 16 1
0 19 20 17 16 10 14 1
0 17 20 21 14 10 11 1
0 21 20 22 11 10 17 1
0 22 23 21 17 17 11 1
0 22 24 23 17 18 17 1
0 23 24 25 17 18 19 1
0 24 26 25 18 20 19 1
0 24 27 26 18 21 20 1
0 26 27 28 20 21 22 1
0 28 29 26 22 23 20 1
0 28 2 29 22 2 23 1
0 29 2 1 23 2 1 1
"Regroup09" 0 0
30
0 -1.000000 -27.000000 4.500002 0.000000 0.000000 -1
0 -2.000000 -21.000000 7.500001 0.000000 0.000000 -1
0 -27.000000 -1.000000 4.500000 0.000000 0.000000 -1
0 -22.000000 -0.999999 7.500000 0.000000 0.000000 -1
0 -22.000000 4.000000 7.500000 0.000000 0.000000 -1
0 -27.000000 9.000000 4.500000 0.000000 0.000000 -1
0 -17.000000 9.000000 4.500000 0.000000 0.000000 -1
0 -15.000000 4.000000 7.500000 0.000000 0.000000 -1
0 -10.000000 2.000000 4.500000 0.000000 0.000000 -1
0 -6.000000 -5.000000 7.500000 0.000000 0.000000 -1
0 -9.000000 2.000000 4.500000 0.000000 0.000000 -1
0 -6.000000 16.000000 7.499999 0.000000 0.000000 -1
0 -9.000000 21.000000 4.499999 0.000000 0.000000 -1
0 -1.000000 21.000000 7.499999 0.000000 0.000000 -1
0 -3.000000 27.000000 4.499998 0.000000 0.000000 -1
0 3.000000 27.000000 4.499998 0.000000 0.000000 -1
0 1.000000 21.000000 7.499999 0.000000 0.000000 -1
0 9.000000 21.000000 4.499999 0.000000 0.000000 -1
0 6.000000 16.000000 7.499999 0.000000 0.000000 -1
0 9.000000 2.000000 4.500000 0.000000 0.000000 -1
0 6.000000 -5.000000 7.500000 0.000000 0.000000 -1
0 10.000000 2.000000 4.500000 0.000000 0.000000 -1
0 15.000000 4.000000 7.500000 0.000000 0.000000 -1
0 17.000000 9.000000 4.500000 0.000000 0.000000 -1
0 22.000000 4.000000 7.500000 0.000000 0.000000 -1
0 27.000000 9.000000 4.500000 0.000000 0.000000 -1
0 22.000000 -0.999999 7.500000 0.000000 0.000000 -1
0 27.000000 -1.000000 4.500000 0.000000 0.000000 -1
0 2.000000 -21.000000 7.500001 0.000000 0.000000 -1
0 1.000000 -27.000000 4.500002 0.000000 0.000000 -1
28
-0.235500 -0.465700 0.853000
-0.488700 -0.312700 0.814500
-0.508200 -0.156500 0.846900
-0.182700 0.365100 0.912900
-0.365100 0.182600 0.912900
0.202000 0.562000 0.802100
0.404100 0.584000 0.704000
0.407400 0.546400 0.731700
-0.053900 0.402700 0.913700
-0.512900 0.142900 0.846400
-0.601000 0.114100 0.791100
-0.471600 0.228100 0.851800
-0.168300 0.395400 0.903000
0.112000 0.414300 0.903200
0.223900 0.375100 0.899500
0.471600 0.228100 0.851800
0.601000 0.114100 0.791100
0.512900 0.142900 0.846400
0.053900 0.402700 0.913700
-0.407400 0.546400 0.731700
-0.404100 0.584000 0.704000
-0.202000 0.562000 0.802100
0.182700 0.365100 0.912900
0.365100 0.182600 0.912900
0.508200 -0.156500 0.846900
0.488700 -0.312700 0.814500
0.313000 -0.466000 0.827600
0.156500 -0.462400 0.872700
30
0 0 1 2 0 0 1 1
0 2 1 3 1 0 2 1
0 3 4 5 2 3 4 1
0 5 2 3 4 1 2 1
0 4 6 5 3 5 4 1
0 4 7 6 3 6 5 1
0 7 8 6 6 7 5 1
0 8 7 9 7 6 8 1
0 9 10 8 8 9 7 1
0 9 11 10 8 10 9 1
0 10 11 12 9 10 11 1
0 12 11 13 11 10 12 1
0 13 14 12 12 12 11 1
0 13 15 14 12 13 12 1
0 13 16 15 12 14 13 1
0 15 16 17 13 14 15 1
0 17 16 18 15 14 16 1
0 18 19 17 16 17 15 1
0 18 20 19 16 18 17 1
0 19 20 21 17 18 19 1
0 21 20 22 19 18 20 1
0 22 23 21 20 21 19 1
0 22 24 23 20 22 21 1
0 23 24 25 21 22 23 1
0 26 25 24 24 23 22 1
0 26 27 25 24 25 23 1
0 26 28 27 24 26 25 1
0 28 29 27 26 27 25 1
0 29 28 1 27 26 0 1
0 1 0 29 0 0 27 1
"Regroup10" 0 3
18
0 -22.000000 -0.999999 7.500000 0.000000 0.000000 -1
0 -15.000000 4.000000 7.500000 0.000000 0.000000 -1
0 -22.000000 4.000000 7.500000 0.000000 0.000000 -1
0 -6.000000 -5.000000 7.500000 0.000000 0.000000 -1
0 -2.000000 -21.000000 7.500001 0.000000 0.000000 -1
0 22.000000 4.000000 7.500000 0.000000 0.000000 -1
0 15.000000 4.000000 7.500000 0.000000 0.000000 -1
0 22.000000 -0.999999 7.500000 0.000000 0.000000 -1
0 6.000000 -5.000000 7.500000 0.000000 0.000000 -1
0 2.000000 -21.000000 7.500001 0.000000 0.000000 -1
0 1.000000 21.000000 7.499999 0.000000 0.000000 -1
0 -6.000000 16.000000 7.499999 0.000000 0.000000 -1
0 6.000000 16.000000 7.499999 0.000000 0.000000 -1
0 -1.000000 21.000000 7.499999 0.000000 0.000000 -1
0 3.000000 -4.000000 7.500000 0.000000 0.000000 -1
0 -3.000000 -4.000000 7.500000 0.000000 0.000000 -1
0 -3.000000 2.000000 7.500000 0.000000 0.000000 -1
0 3.000000 2.000000 7.500000 0.000000 0.000000 -1
1
-0.000000 -0.000000 1.000000
18
0 0 1 2 0 0 0 1
0 1 0 3 0 0 0 1
0 3 0 4 0 0 0 1
0 5 6 7 0 0 0 1
0 6 8 7 0 0 0 1
0 8 9 7 0 0 0 1
0 8 4 9 0 0 0 1
0 8 3 4 0 0 0 1
0 10 11 12 0 0 0 1
0 10 13 11 0 0 0 1
0 8 14 3 0 0 0 1
0 15 3 14 0 0 0 1
0 16 3 15 0 0 0 1
0 16 11 3 0 0 0 1
0 16 17 12 0 0 0 1
0 12 11 16 0 0 0 1
0 17 8 12 0 0 0 1
0 17 14 8 0 0 0 1