// MilkShape 3D ASCII

Frames: 30
Frame: 1

Meshes: 4
"stealthboi" 0 0
18
3 -26.456827 1.516296 4.051885 0.055759 0.498951 -1
3 0.000000 -25.097385 4.051885 0.055759 0.498951 -1
3 0.000000 -23.005941 6.844699 0.055759 0.498951 -1
3 -24.051661 1.516296 6.844697 0.055759 0.498951 -1
3 7.110926 -2.823456 4.051885 0.055759 0.498951 -1
3 7.110926 26.979689 4.051885 0.055759 0.498951 -1
3 5.751484 25.620243 6.844696 0.055759 0.498951 -1
3 5.751484 -6.169778 6.844697 0.055759 0.498951 -1
3 -19.189043 8.679513 4.051885 0.055759 0.498951 -1
3 -19.053478 6.692632 6.844697 0.055759 0.498951 -1
3 -5.751484 -6.169778 6.844697 0.055759 0.498951 -1
3 -7.110926 -2.823456 4.051885 0.055759 0.498951 -1
3 26.456827 1.516296 4.051885 0.055759 0.498951 -1
3 19.189043 8.679513 4.051885 0.055759 0.498951 -1
3 19.053097 6.692632 6.844697 0.055759 0.498951 -1
3 24.051661 1.516296 6.844697 0.055759 0.498951 -1
3 -7.110926 26.979689 4.051885 0.055759 0.498951 -1
3 -5.751484 25.620247 6.844696 0.055759 0.498951 -1
15
-0.779200 -0.001200 0.626800
-0.000000 -0.776900 0.629600
-0.779200 -0.000100 0.626800
0.252300 0.567400 0.783900
0.582400 0.582400 0.567000
0.236100 0.574200 0.783900
-0.016200 0.797800 0.602700
0.010100 0.798600 0.601800
-0.236100 0.574200 0.783900
-0.252300 0.567400 0.783900
0.779200 -0.001200 0.626800
0.016300 0.797800 0.602700
-0.010200 0.798600 0.601700
0.779200 -0.000100 0.626800
-0.582400 0.582400 0.567000
18
3 0 1 2 0 1 1 1
3 0 2 3 0 1 2 1
3 4 5 6 3 4 4 1
3 4 6 7 3 4 5 1
3 8 9 10 6 7 8 1
3 8 10 11 6 8 9 1
3 8 0 3 6 0 2 1
3 8 3 9 6 2 7 1
3 12 13 14 10 11 12 1
3 12 14 15 10 12 13 1
3 13 4 7 11 3 5 1
3 13 7 14 11 5 12 1
3 1 12 15 1 10 13 1
3 1 15 2 1 13 1 1
3 16 11 10 14 9 8 1
3 16 10 17 14 8 14 1
3 5 16 17 4 14 14 1
3 5 17 6 4 14 4 1
"shellboi" 0 1
76
0 20.264883 13.016655 0.000000 0.014186 0.377614 -1
0 19.429560 13.466315 0.000000 0.012599 0.275164 -1
0 30.639727 1.516300 -0.000000 0.015100 0.479399 -1
0 19.429560 12.025830 -0.000001 0.012599 0.319358 -1
0 18.457245 13.016655 -0.000000 0.011622 0.337664 -1
0 9.516092 2.614311 -0.000000 0.010158 0.475608 -1
0 -18.457245 13.016655 -0.000000 0.004298 0.337663 -1
0 -19.429560 13.466315 0.000000 0.003322 0.275163 -1
0 -9.516092 2.614311 -0.000000 0.005763 0.475608 -1
0 10.482342 30.216208 -0.000000 0.010646 0.026274 -1
0 9.516092 29.256649 -0.000002 0.010158 0.057524 -1
0 10.482342 5.675669 0.000000 0.010646 0.400164 -1
0 -10.482342 30.216208 -0.000000 0.005275 0.026274 -1
0 -9.516092 29.256649 0.000000 0.005763 0.057524 -1
0 -10.482342 5.675669 0.000000 0.005275 0.400163 -1
0 -19.429560 12.025830 -0.000001 0.003322 0.319358 -1
0 -20.264883 13.016655 0.000000 0.001726 0.377281 -1
0 -32.417458 1.516300 -0.000000 0.000928 0.428340 -1
0 -30.639727 1.516300 -0.000000 0.000821 0.479399 -1
0 0.000000 -28.825136 0.000000 0.007960 0.936315 -1
0 0.000000 -30.326008 0.000000 0.007960 0.980509 -1
0 1.839303 -29.237999 -0.000001 0.011802 0.733684 -1
0 32.417458 1.516300 0.000000 0.013820 0.605175 -1
0 1.839303 -29.237999 -0.000001 0.011867 0.730286 -1
0 32.417458 1.516300 0.000000 0.014979 0.428838 -1
0 10.482342 30.216208 -0.000000 0.009303 0.026274 -1
0 -10.482342 30.216208 -0.000000 0.007960 0.026274 -1
0 -10.482342 30.216208 -0.000000 0.005275 0.213219 -1
0 -32.417458 1.516300 -0.000000 0.002088 0.604677 -1
0 -1.839305 -29.237999 -0.000001 0.004043 0.729800 -1
0 -1.839305 -29.237999 -0.000001 0.004045 0.729954 -1
0 30.639725 1.516300 -0.000000 0.046734 0.760636 -1
0 24.051661 1.516300 7.500000 0.031390 0.716689 -1
0 0.000000 -28.825134 0.000000 0.046793 0.992548 -1
0 30.639725 1.516300 -0.000000 0.046793 0.762477 -1
0 19.429560 12.025830 -0.000001 0.046811 0.610876 -1
0 24.051661 1.516300 7.500000 0.031431 0.713706 -1
0 19.429560 12.025830 -0.000001 0.046811 0.609151 -1
0 19.053097 6.692636 7.500000 0.031449 0.609423 -1
0 24.051661 1.516300 7.500000 0.031449 0.713054 -1
0 9.516092 29.256649 -0.000002 0.046793 0.020217 -1
0 5.751484 25.620247 7.499998 0.031449 0.020217 -1
0 5.751484 -6.169774 7.500000 0.031384 0.480106 -1
0 9.516092 29.256649 -0.000002 0.015773 0.007641 -1
0 -9.516092 29.256649 0.000000 0.015773 0.007641 -1
0 5.751484 25.620247 7.499998 0.031398 0.008233 -1
0 -5.751484 25.620247 7.499998 0.031398 0.008233 -1
0 -19.429560 12.025830 -0.000001 0.015836 0.613354 -1
0 -30.639725 1.516300 -0.000000 0.015877 0.667645 -1
0 -19.053478 6.692636 7.499999 0.031268 0.612529 -1
0 -30.639725 1.516300 -0.000000 0.015844 0.668548 -1
0 -24.051661 1.516300 7.500000 0.031285 0.669025 -1
0 -19.053478 6.692636 7.499999 0.031268 0.610432 -1
0 -30.639725 1.516300 -0.000000 0.015844 0.672681 -1
0 0.000000 -28.825134 0.000000 0.015779 0.995115 -1
0 -24.051661 1.516300 7.500000 0.031285 0.671106 -1
0 0.000000 -28.825134 0.000000 0.015877 0.995355 -1
0 0.000000 -23.005936 7.500001 0.031285 0.997528 -1
0 -24.051661 1.516300 7.500000 0.031285 0.671716 -1
0 -19.429560 12.025830 -0.000001 0.015836 0.613580 -1
0 -19.053478 6.692636 7.499999 0.031285 0.612224 -1
0 -5.751484 -6.169774 7.500000 0.031313 0.482044 -1
0 24.051661 1.516300 7.500000 0.031449 0.720819 -1
0 0.000000 -23.005936 7.500001 0.031449 0.989023 -1
0 -5.751484 -6.169774 7.500000 0.031353 0.480962 -1
0 -9.516092 2.614311 -0.000000 0.015877 0.490115 -1
0 -19.429560 12.025830 -0.000001 0.015877 0.614733 -1
0 -9.516092 29.256649 0.000000 0.015877 0.019672 -1
0 -5.751484 -6.169774 7.500000 0.031277 0.472452 -1
0 -5.751484 25.620247 7.499998 0.031285 0.019672 -1
0 -5.751484 -6.169774 7.500000 0.031382 0.480382 -1
0 5.751484 -6.169774 7.500000 0.031489 0.475628 -1
0 9.516092 2.614311 -0.000000 0.046793 0.475447 -1
0 5.751484 -6.169774 7.500000 0.031479 0.477837 -1
0 19.053097 6.692636 7.500000 0.031449 0.608775 -1
0 19.429560 12.025830 -0.000001 0.046793 0.608223 -1
19
-0.000000 -0.000000 1.000000
0.751300 0.008200 0.659900
0.763200 0.009200 0.646100
-0.000000 -0.782800 0.622200
0.013000 0.804500 0.593700
-0.000400 0.812300 0.583200
0.581700 0.578000 0.572300
0.575900 0.583900 0.572200
0.242900 0.571600 0.783800
-0.581700 0.578000 0.572300
-0.575900 0.583900 0.572200
-0.006400 0.812900 0.582400
-0.758900 0.003200 0.651200
0.024000 0.806600 0.590700
-0.753800 -0.012000 0.657000
-0.000000 -0.790100 0.613000
-0.243700 0.570500 0.784300
-0.244300 0.567000 0.786700
0.240300 0.572700 0.783700
42
0 0 1 2 0 0 0 1
0 1 3 2 0 0 0 1
0 4 5 1 0 0 0 1
0 6 7 8 0 0 0 1
0 9 10 11 0 0 0 1
0 12 13 10 0 0 0 1
0 14 8 13 0 0 0 1
0 14 6 8 0 0 0 1
0 7 15 8 0 0 0 1
0 16 17 18 0 0 0 1
0 19 20 21 0 0 0 1
0 22 2 23 0 0 0 1
0 24 0 2 0 0 0 1
0 5 3 1 0 0 0 1
0 10 5 11 0 0 0 1
0 25 26 10 0 0 0 1
0 27 14 13 0 0 0 1
0 28 29 18 0 0 0 1
0 21 2 19 0 0 0 1
0 20 19 30 0 0 0 1
0 29 19 18 0 0 0 1
0 18 7 16 0 0 0 1
0 7 18 15 0 0 0 1
0 4 11 5 0 0 0 1
0 31 32 33 1 2 3 1
0 34 35 36 1 4 2 1
0 37 38 39 4 5 2 1
0 40 41 42 6 7 8 1
0 43 44 45 6 9 7 1
0 44 46 45 9 10 7 1
0 47 48 49 11 12 13 1
0 50 51 52 12 14 13 1
0 53 54 55 12 3 14 1
0 56 57 58 3 15 14 1
0 59 60 61 11 13 16 1
0 62 63 33 2 15 3 1
0 64 65 66 16 17 11 1
0 67 68 69 9 16 10 1
0 70 67 65 16 9 17 1
0 40 71 72 6 8 18 1
0 72 73 74 18 8 5 1
0 72 74 75 18 5 4 1
"scrollerboi" 0 0
12
0 0.000000 -23.000000 7.500002 0.551018 0.908796 -1
0 5.751484 -6.169774 7.500000 0.546875 0.643631 -1
0 0.000000 25.620199 7.499998 0.534100 0.327417 -1
0 24.051661 1.516300 7.500000 0.551018 0.356369 -1
0 19.053097 6.692636 7.500000 0.546875 0.356369 -1
0 -5.751484 -6.169774 7.500000 0.546875 0.643631 -1
0 -19.053478 6.692636 7.499999 0.546875 0.356369 -1
0 -24.051661 1.516300 7.500000 0.542731 0.356369 -1
0 0.000000 -23.000000 7.500002 0.542731 0.908796 -1
0 0.000000 25.620199 7.499998 0.559649 0.327417 -1
0 -5.751484 25.620247 7.499998 0.557578 0.261126 -1
0 5.751484 25.620199 7.499998 0.536171 0.261126 -1
6
-0.001900 0.001800 1.000000
-0.000000 -0.000000 1.000000
-0.006600 0.000800 1.000000
-0.002100 0.001900 1.000000
0.000400 0.000900 1.000000
-0.008000 0.000900 1.000000
8
0 0 1 2 0 1 2 1
0 1 0 3 1 0 1 1
0 4 1 3 1 1 1 1
0 5 6 7 3 1 4 1
0 5 7 8 3 4 0 1
0 5 8 9 3 0 2 1
0 10 5 9 1 3 2 1
0 1 11 2 1 5 2 1
"shineboi" 0 2
30
0 30.639725 1.516300 0.350000 0.018804 -0.184582 -1
0 26.456829 1.516296 5.050000 0.017926 -0.154135 -1
0 0.000000 -28.825134 0.350000 0.018741 0.259282 -1
0 19.429560 12.025830 0.349999 0.014244 -0.179482 -1
0 19.189043 8.679514 5.050000 0.014896 -0.153374 -1
0 9.516092 29.256649 0.349998 0.010211 -0.214168 -1
0 7.110927 26.979689 5.050000 0.011324 -0.181196 -1
0 7.110927 -2.823456 5.050000 0.024621 0.015807 -1
0 0.000000 29.256651 0.350000 0.010597 -0.143262 -1
0 0.000000 27.953484 2.700000 0.011179 -0.134648 -1
0 -9.516092 29.256649 0.350000 0.020371 -0.214168 -1
0 -7.110927 26.979689 5.050000 0.019258 -0.181196 -1
0 0.000000 26.979689 5.050000 0.018969 -0.128211 -1
0 0.000000 27.953484 2.700000 0.019403 -0.134648 -1
0 -19.429560 12.025830 0.349999 0.018760 -0.179482 -1
0 -30.639725 1.516300 0.350000 0.014201 -0.184582 -1
0 -19.189043 8.679514 5.050000 0.018108 -0.153374 -1
0 -26.456829 1.516296 5.050000 0.015079 -0.154135 -1
0 0.000000 -28.825134 0.350000 0.014263 0.259282 -1
0 0.000000 -25.097383 5.050000 0.015046 0.232149 -1
0 -7.110927 -2.823456 5.050000 0.018229 0.018265 -1
0 0.000000 -25.097383 5.050000 0.017959 0.232149 -1
0 -9.516092 2.614311 0.350000 0.018865 -0.038821 -1
0 -7.110927 -2.823456 5.050000 0.005961 0.015807 -1
0 -9.516092 2.614311 0.350000 0.008485 -0.038059 -1
0 9.516092 2.614311 0.350000 0.022097 -0.038059 -1
0 9.516092 2.614311 0.350000 0.014139 -0.038821 -1
0 7.110927 -2.823456 5.050000 0.014776 0.018265 -1
0 0.000000 26.979689 5.050000 0.011613 -0.128211 -1
0 0.000000 29.256651 0.350000 0.019985 -0.143262 -1
21
0.747000 0.008100 0.664800
0.752900 0.013800 0.658000
-0.000000 -0.779300 0.626600
0.013400 0.808400 0.588500
-0.012700 0.814200 0.580500
0.574500 0.571800 0.585600
0.567500 0.585600 0.578800
0.246200 0.570200 0.783700
-0.005600 0.884000 0.467400
0.000300 0.900800 0.434200
-0.577400 0.578500 0.576200
-0.568700 0.595700 0.567100
0.006300 0.916900 0.399100
-0.008100 0.814000 0.580700
-0.752400 0.004000 0.658700
0.025000 0.810600 0.585000
-0.748300 0.001600 0.663300
-0.000000 -0.783500 0.621400
-0.246500 0.569700 0.784000
-0.236000 0.573600 0.784400
0.235200 0.575000 0.783600
22
0 0 1 2 0 1 2 1
0 0 3 1 0 3 1 1
0 3 4 1 3 4 1 1
0 5 6 7 5 6 7 1
0 5 8 9 5 8 9 1
0 5 9 6 5 9 6 1
0 10 11 12 10 11 12 1
0 10 12 13 10 12 9 1
0 14 15 16 13 14 15 1
0 15 17 16 14 16 15 1
0 15 18 17 14 2 16 1
0 18 19 17 2 17 16 1
0 14 16 20 13 15 18 1
0 1 21 2 1 17 2 1
0 20 22 14 18 19 13 1
0 10 23 11 10 18 11 1
0 23 10 24 18 10 19 1
0 5 7 25 5 7 20 1
0 26 27 4 20 7 4 1
0 26 4 3 20 4 3 1
0 9 28 6 9 12 6 1
0 13 29 10 9 8 10 1

Materials: 3
"19 - Default"
0.588235 0.588235 0.588235 1.000000
0.588235 0.588235 0.588235 1.000000
0.898039 0.898039 0.898039 1.000000
0.000000 0.000000 0.000000 1.000000
12.799999
1.000000
"textures\Tap Note 4th ani texture.ini"
""
"shells"
0.588235 0.588235 0.588235 1.000000
0.588235 0.588235 0.588235 1.000000
0.898039 0.898039 0.898039 1.000000
0.000000 0.000000 0.000000 1.000000
12.799999
1.000000
"textures\Tap Shell 4th ani texture.ini"
""
"shine"
0.588235 0.588235 0.588235 1.000000
0.588235 0.588235 0.588235 1.000000
0.898039 0.898039 0.898039 1.000000
0.000000 0.000000 0.000000 1.000000
12.799999
1.000000
"textures\Tap Shine 4th ani texture.ini"
""

Bones: 0
GroupComments: 0
MaterialComments: 0
BoneComments: 0
ModelComment: 0
