// MilkShape 3D ASCII

Frames: 30
Frame: 1

Meshes: 3
"center" 0 1
9
0 0.000000 -0.000000 -1.100000 0.500000 0.750000 -1
0 -16.000000 -0.000000 -1.100000 0.000000 0.750000 -1
0 -11.310000 -11.310000 -1.099999 0.000000 0.750000 -1
0 0.000000 -16.000000 -1.099999 0.000000 0.750000 -1
0 11.310000 -11.310000 -1.099999 0.000000 0.750000 -1
0 16.000000 -0.000000 -1.100000 0.000000 0.750000 -1
0 11.310000 11.310000 -1.100001 0.000000 0.750000 -1
0 0.000000 16.000000 -1.100001 0.000000 0.750000 -1
0 -11.310000 11.310000 -1.100001 0.000000 0.750000 -1
1
-0.000000 -0.000000 1.000000
8
0 0 1 2 0 0 0 1
0 0 2 3 0 0 0 1
0 0 3 4 0 0 0 1
0 0 4 5 0 0 0 1
0 0 5 6 0 0 0 1
0 0 6 7 0 0 0 1
0 0 7 8 0 0 0 1
0 0 8 1 0 0 0 1
"outer" 0 0
240
0 12.981725 13.019911 5.359423 0.499850 0.275632 0
0 7.140451 12.045012 0.192855 0.409358 0.282518 0
0 9.893799 9.904332 0.193554 0.497290 0.281506 0
0 3.707818 13.504477 0.192924 0.318945 0.285696 0
0 9.289092 15.875584 5.358469 0.390642 0.276848 0
0 4.801561 17.762947 5.358119 0.282759 0.280737 0
0 -9.333337 15.874474 5.359519 0.079955 0.303936 0
0 -13.026651 13.019826 5.359423 0.066190 0.313598 0
0 -9.897448 9.906406 0.190770 0.133518 0.313672 0
0 -12.038328 7.152279 0.190359 0.145150 0.321335 0
0 -13.497582 3.718843 0.190892 0.181668 0.329212 0
0 -15.882323 9.327192 5.358471 0.079945 0.322955 0
0 -17.769688 4.839661 5.358121 0.124547 0.332351 0
0 -15.881217 -9.295237 5.359524 0.390830 0.350019 0
0 -13.026560 -12.988550 5.359427 0.501749 0.351222 0
0 -9.896734 -9.886429 0.191538 0.502897 0.345360 0
0 -7.142402 -12.026533 0.191798 0.590846 0.344342 0
0 -3.709181 -13.484982 0.192928 0.681243 0.341160 0
0 -9.333932 -15.844225 5.358475 0.609170 0.350024 0
0 -4.846401 -17.731588 5.358124 0.717076 0.346141 0
0 9.288499 -15.843115 5.359525 0.919950 0.322942 0
0 12.981812 -12.988465 5.359426 0.933757 0.313278 0
0 9.893308 -9.884125 0.194323 0.866552 0.313185 0
0 11.986711 -7.207177 0.184985 0.855721 0.305718 0
0 13.685463 -3.814358 0.263601 0.819535 0.297624 0
0 15.837481 -9.295832 5.358474 0.919977 0.303904 0
0 17.724846 -4.808300 5.358122 0.875500 0.294532 0
0 -12.036361 -7.131699 0.192365 0.409528 0.344339 0
0 -13.495937 -3.698812 0.192432 0.321250 0.341317 0
0 -17.768681 -4.807961 5.359004 0.284398 0.346240 0
0 12.032274 7.149583 0.195208 0.588059 0.282435 0
0 15.836374 9.326597 5.359520 0.607281 0.276831 0
0 -7.142143 12.045467 0.192321 0.145228 0.305539 0
0 -3.709029 13.504245 0.193138 0.179977 0.297852 0
0 -4.846060 17.761940 5.359000 0.123313 0.294664 0
0 -0.022384 18.406342 5.358562 0.191928 0.286845 0
0 -0.000629 14.004718 0.192976 0.241055 0.290872 0
0 13.490817 3.717270 0.195933 0.678867 0.285551 0
0 17.723841 4.839321 5.359003 0.715488 0.280627 0
0 -18.413082 0.015717 5.358566 0.194648 0.340264 0
0 -13.997231 0.009800 0.191556 0.241116 0.335996 0
0 7.139138 -12.023167 0.195251 0.854846 0.321316 0
0 3.707052 -13.482516 0.195224 0.820169 0.329003 0
0 4.801222 -17.730585 5.359006 0.876558 0.332215 0
0 -0.022455 -18.374981 5.358568 0.807935 0.340034 0
0 -0.000737 -13.984025 0.194060 0.759099 0.335982 0
0 18.368242 0.015644 5.358566 0.805259 0.286605 0
0 13.949925 0.098006 0.222049 0.756985 0.290738 0
0 -24.481756 -6.618927 1.222517 0.258818 0.172627 0
0 -20.233110 0.009519 7.021670 0.164798 0.164237 0
0 -25.362791 0.009424 1.222168 0.155085 0.165364 0
0 25.362873 0.009481 1.222155 0.838743 0.105919 0
0 20.233110 0.009519 7.021670 0.829028 0.107046 0
0 19.524710 -5.297505 7.021670 0.901429 0.115803 0
0 6.628428 -24.472340 1.222505 0.911618 0.156876 0
0 0.000001 -20.223591 7.021672 0.817544 0.165261 0
0 0.000081 -25.353371 1.222157 0.830184 0.166128 0
0 17.934158 -17.924717 1.221222 0.975098 0.135645 0
0 10.240273 -17.440859 7.021672 0.942425 0.146030 0
0 12.799503 -21.887325 1.222105 0.957115 0.146970 0
0 12.799047 21.905407 1.221297 0.381559 0.094322 0
0 10.240268 17.459896 7.021667 0.380542 0.095910 0
0 14.306969 14.316490 7.021668 0.496965 0.094575 0
0 24.481848 6.637828 1.222506 0.735009 0.098656 0
0 6.628171 24.490511 1.221837 0.258904 0.098654 0
0 -19.524710 5.316544 7.021668 0.092398 0.155480 0
0 -24.481007 6.637574 1.221842 0.082186 0.156868 0
0 -6.628331 24.491272 1.222517 0.082209 0.114407 0
0 -0.000000 20.242628 7.021667 0.176283 0.106022 0
0 0.000022 25.372295 1.222166 0.163644 0.105155 0
0 -17.934071 17.943642 1.221237 0.019502 0.135105 0
0 -14.306971 14.316488 7.021668 0.035401 0.134913 0
0 -10.240271 17.459894 7.021667 0.051402 0.125253 0
0 -21.895908 12.808454 1.221304 0.034391 0.146462 0
0 5.307024 19.534227 7.021667 0.274468 0.099565 0
0 -5.307025 19.534225 7.021667 0.097403 0.115218 0
0 -12.799409 21.906256 1.222118 0.036713 0.124313 0
0 24.481089 -6.618665 1.221828 0.913940 0.114916 0
0 17.450377 -10.230748 7.021672 0.942409 0.125263 0
0 17.934231 17.943573 1.221227 0.496956 0.092995 0
0 17.450377 10.249790 7.021668 0.621499 0.096003 0
0 21.896837 12.808906 1.222108 0.623941 0.094598 0
0 19.524708 5.316545 7.021668 0.725909 0.100011 0
0 14.306972 -14.297448 7.021672 0.958426 0.136369 0
0 21.895990 -12.789535 1.221288 0.959436 0.124821 0
0 -5.307023 -19.515192 7.021672 0.719359 0.171718 0
0 -6.628065 -24.471588 1.221832 0.729305 0.172834 0
0 5.307027 -19.515192 7.021672 0.896424 0.156064 0
0 -17.969519 -17.879932 1.221837 0.495859 0.178281 0
0 -17.450375 -10.230753 7.021672 0.380428 0.175374 0
0 -21.896740 -12.790004 1.222115 0.369887 0.176684 0
0 -19.524708 -5.297507 7.021670 0.267917 0.171272 0
0 -14.306964 -14.297452 7.021672 0.488751 0.176801 0
0 -12.797851 -21.888340 1.222416 0.618267 0.176890 0
0 -10.240267 -17.440861 7.021672 0.613284 0.175373 0
0 -17.450377 10.249787 7.021668 0.051418 0.146020 0
0 4.801561 17.762947 5.358119 0.609627 0.225586 0
0 9.289092 15.875584 5.358469 0.707975 0.225586 0
0 10.240268 17.459896 7.021667 0.724525 0.225586 0
0 5.307024 19.534227 7.021667 0.618242 0.225586 0
0 -13.026651 13.019826 5.359423 0.218909 0.225586 0
0 -9.333337 15.874474 5.359519 0.299851 0.225586 0
0 -10.240271 17.459894 7.021667 0.283288 0.225586 0
0 -14.306971 14.316488 7.021668 0.195674 0.225586 0
0 -17.769688 4.839661 5.358121 0.114962 0.225586 0
0 -15.882323 9.327192 5.358471 0.156325 0.225586 0
0 -17.450377 10.249787 7.021668 0.127952 0.225586 0
0 -19.524710 5.316544 7.021668 0.083262 0.225586 0
0 -13.026560 -12.988550 5.359427 0.218911 0.225586 0
0 -15.881217 -9.295237 5.359524 0.156349 0.225586 0
0 -17.450375 -10.230753 7.021672 0.127952 0.225586 0
0 -14.306964 -14.297452 7.021672 0.195674 0.225586 0
0 -4.846401 -17.731588 5.358124 0.398185 0.225586 0
0 -9.333932 -15.844225 5.358475 0.299838 0.225586 0
0 -10.240267 -17.440861 7.021672 0.283288 0.225586 0
0 -5.307023 -19.515192 7.021672 0.389571 0.225586 0
0 12.981812 -12.988465 5.359426 0.788903 0.225586 0
0 9.288499 -15.843115 5.359525 0.707962 0.225586 0
0 10.240273 -17.440859 7.021672 0.724525 0.225586 0
0 14.306972 -14.297448 7.021672 0.812139 0.225586 0
0 17.724846 -4.808300 5.358122 0.892851 0.225586 0
0 15.837481 -9.295832 5.358474 0.851488 0.225586 0
0 17.450377 -10.230748 7.021672 0.879861 0.225586 0
0 19.524710 -5.297505 7.021670 0.924551 0.225586 0
0 12.981725 13.019911 5.359423 0.788902 0.225586 0
0 14.306969 14.316490 7.021668 0.812139 0.225586 0
0 -0.022384 18.406342 5.358562 0.503907 0.225586 0
0 -0.000000 20.242628 7.021667 0.503906 0.225586 0
0 -4.846060 17.761940 5.359000 0.398193 0.225586 0
0 -5.307025 19.534225 7.021667 0.389571 0.225586 0
0 -18.413082 0.015717 5.358566 0.100862 0.225586 0
0 -20.233110 0.009519 7.021670 0.068000 0.225586 0
0 -17.768681 -4.807961 5.359004 0.114984 0.225586 0
0 -19.524708 -5.297507 7.021670 0.083262 0.225586 0
0 -0.022455 -18.374981 5.358568 0.503905 0.225586 0
0 0.000001 -20.223591 7.021672 0.503906 0.225586 0
0 4.801222 -17.730585 5.359006 0.609620 0.225586 0
0 5.307027 -19.515192 7.021672 0.618242 0.225586 0
0 18.368242 0.015644 5.358566 0.906951 0.225586 0
0 20.233110 0.009519 7.021670 0.939813 0.225586 0
0 15.836374 9.326597 5.359520 0.851463 0.225586 0
0 17.723841 4.839321 5.359003 0.892828 0.225586 0
0 19.524708 5.316545 7.021668 0.924551 0.225586 0
0 17.450377 10.249790 7.021668 0.879861 0.225586 0
0 9.893799 9.904332 0.193554 0.505102 0.393511 0
0 7.140451 12.045012 0.192855 0.417170 0.393511 0
0 6.327036 10.663964 -0.944002 0.421819 0.393511 0
0 8.762093 8.771614 -0.944002 0.507847 0.393511 0
0 -9.897448 9.906406 0.190770 0.141330 0.393511 0
0 -12.038328 7.152279 0.190359 0.152963 0.393511 0
0 -10.654445 6.336555 -0.944000 0.171234 0.393511 0
0 -8.762095 8.771611 -0.944002 0.160493 0.393511 0
0 -9.896734 -9.886429 0.191538 0.510710 0.393511 0
0 -7.142402 -12.026533 0.191798 0.598659 0.393511 0
0 -6.327034 -10.644927 -0.943998 0.593806 0.393511 0
0 -8.762090 -8.752579 -0.943998 0.507777 0.393511 0
0 9.893308 -9.884125 0.194323 0.874365 0.393511 0
0 11.986711 -7.207177 0.184985 0.863534 0.393511 0
0 10.654446 -6.317519 -0.943999 0.844391 0.393511 0
0 8.762096 -8.752574 -0.943998 0.855131 0.393511 0
0 -13.495937 -3.698812 0.192432 0.329062 0.393511 0
0 -12.036361 -7.131699 0.192365 0.417341 0.393511 0
0 -10.654442 -6.317523 -0.943999 0.421921 0.393511 0
0 -11.948475 -3.274157 -0.943999 0.336005 0.393511 0
0 12.032274 7.149583 0.195208 0.595871 0.393511 0
0 10.654443 6.336556 -0.944000 0.593788 0.393511 0
0 -3.709029 13.504245 0.193138 0.187790 0.393511 0
0 -7.142143 12.045467 0.192321 0.153040 0.393511 0
0 -6.327039 10.663961 -0.944002 0.171261 0.393511 0
0 -3.283673 11.957995 -0.944002 0.205901 0.393511 0
0 3.707818 13.504477 0.192924 0.326758 0.393511 0
0 3.283672 11.957995 -0.944002 0.335999 0.393511 0
0 -0.000629 14.004718 0.192976 0.248867 0.393511 0
0 0.000001 12.400990 -0.944002 0.262148 0.393511 0
0 13.490817 3.717270 0.195933 0.686680 0.393511 0
0 11.948477 3.293190 -0.944000 0.679620 0.393511 0
0 -13.497582 3.718843 0.190892 0.189481 0.393511 0
0 -11.948475 3.293190 -0.944000 0.205880 0.393511 0
0 -13.997231 0.009800 0.191556 0.248929 0.393511 0
0 -12.391472 0.009520 -0.944000 0.262214 0.393511 0
0 3.707052 -13.482516 0.195224 0.827982 0.393511 0
0 7.139138 -12.023167 0.195251 0.862658 0.393511 0
0 6.327041 -10.644923 -0.943998 0.844364 0.393511 0
0 3.283673 -11.938958 -0.943998 0.809724 0.393511 0
0 -3.709181 -13.484982 0.192928 0.689055 0.393511 0
0 -3.283673 -11.938957 -0.943998 0.679626 0.393511 0
0 -0.000737 -13.984025 0.194060 0.766912 0.393511 0
0 -0.000004 -12.381953 -0.943998 0.753476 0.393511 0
0 13.685463 -3.814358 0.263601 0.827347 0.393511 0
0 12.132880 -3.312712 -0.943999 0.809745 0.393511 0
0 13.949925 0.098006 0.222049 0.764797 0.393511 0
0 12.391472 0.009515 -0.944000 0.753411 0.393511 0
0 -24.481756 -6.618927 1.222517 0.286269 0.022354 0
0 -25.362791 0.009424 1.222168 0.192793 0.022354 0
0 -27.233829 0.009450 -0.944000 0.189517 0.022354 0
0 -26.287382 -7.107772 -0.943998 0.281691 0.022354 0
0 6.628428 -24.472340 1.222505 0.874515 0.022354 0
0 0.000081 -25.353371 1.222157 0.801134 0.022354 0
0 0.000054 -27.224426 -0.943996 0.812122 0.022354 0
0 7.117277 -26.277981 -0.943996 0.882659 0.022354 0
0 17.934158 -17.924717 1.221222 0.931718 0.022354 0
0 12.799503 -21.887325 1.222105 0.915513 0.022354 0
0 13.740114 -23.504263 -0.943996 0.926657 0.022354 0
0 19.257313 -19.247807 -0.943996 0.941068 0.022354 0
0 24.481848 6.637828 1.222506 0.715371 0.022354 0
0 25.362873 0.009481 1.222155 0.808847 0.022354 0
0 27.233927 0.009454 -0.944000 0.812122 0.022354 0
0 26.287483 7.126675 -0.944002 0.719949 0.022354 0
0 6.628171 24.490511 1.221837 0.286346 0.022354 0
0 12.799047 21.905407 1.221297 0.396873 0.022354 0
0 13.740107 23.523174 -0.944004 0.389100 0.022354 0
0 7.117272 26.296890 -0.944004 0.281690 0.022354 0
0 -6.628331 24.491272 1.222517 0.127124 0.022354 0
0 0.000022 25.372295 1.222166 0.200506 0.022354 0
0 0.000049 27.243332 -0.944004 0.189517 0.022354 0
0 -7.117174 26.296890 -0.944004 0.118981 0.022354 0
0 -21.895908 12.808454 1.221304 0.084035 0.022354 0
0 -17.934071 17.943642 1.221237 0.070618 0.022354 0
0 -19.257208 19.266712 -0.944004 0.060571 0.022354 0
0 -23.513670 13.749510 -0.944002 0.074983 0.022354 0
0 17.934231 17.943573 1.221227 0.500858 0.022354 0
0 21.896837 12.808906 1.222108 0.615286 0.022354 0
0 23.513765 13.749510 -0.944002 0.612540 0.022354 0
0 19.257309 19.266716 -0.944004 0.500819 0.022354 0
0 21.895990 -12.789535 1.221288 0.917605 0.022354 0
0 23.513771 -13.730603 -0.943998 0.926657 0.022354 0
0 -6.628065 -24.471588 1.221832 0.710231 0.022354 0
0 -7.117169 -26.277983 -0.943996 0.719949 0.022354 0
0 -17.969519 -17.879932 1.221837 0.499870 0.022354 0
0 -21.896740 -12.790004 1.222115 0.386355 0.022354 0
0 -23.513666 -13.730608 -0.943998 0.389100 0.022354 0
0 -19.293415 -19.200884 -0.943996 0.499870 0.022354 0
0 -12.797851 -21.888340 1.222416 0.610173 0.022354 0
0 -13.740003 -23.504267 -0.943996 0.612540 0.022354 0
0 -24.481007 6.637574 1.221842 0.127104 0.022354 0
0 -26.287384 7.126674 -0.944002 0.118981 0.022354 0
0 24.481089 -6.618665 1.221828 0.876607 0.022354 0
0 26.287485 -7.107770 -0.943998 0.882658 0.022354 0
0 -12.799409 21.906256 1.222118 0.086127 0.022354 0
0 -13.740008 23.523172 -0.944004 0.074983 0.022354 0
144
-0.504800 -0.505000 0.700100
-0.345300 -0.586800 0.732400
-0.482300 -0.481400 0.731900
-0.180300 -0.656300 0.732700
-0.359800 -0.617300 0.699600
-0.187000 -0.689900 0.699400
0.360700 -0.618100 0.698500
0.506500 -0.506500 0.697800
0.480100 -0.480900 0.733700
0.585400 -0.344300 0.734000
0.655000 -0.179700 0.733900
0.618900 -0.361000 0.697600
0.691400 -0.187800 0.697700
0.618300 0.360200 0.698500
0.506400 0.505600 0.698500
0.481000 0.480700 0.733200
0.344500 0.586400 0.733100
0.179800 0.656500 0.732600
0.360800 0.617600 0.698800
0.187700 0.689600 0.699400
-0.359100 0.616300 0.700900
-0.504200 0.505100 0.700500
-0.480400 0.483200 0.731900
-0.578400 0.360300 0.731900
-0.670500 0.176600 0.720500
-0.617100 0.362700 0.698300
-0.692200 0.184300 0.697800
0.586400 0.344600 0.733100
0.655600 0.180400 0.733200
0.690700 0.187600 0.698400
-0.588200 -0.345200 0.731300
-0.616100 -0.359600 0.700800
0.344300 -0.586500 0.733100
0.180200 -0.656200 0.732800
0.188000 -0.690000 0.698900
0.000600 -0.715000 0.699100
0.000100 -0.680500 0.732700
-0.659500 -0.177900 0.730300
-0.687900 -0.187300 0.701200
0.716100 0.000100 0.698000
0.679600 0.000400 0.733600
-0.345600 0.588100 0.731200
-0.181000 0.657400 0.731400
-0.186900 0.688600 0.700700
0.000200 0.714100 0.700000
-0.000600 0.681300 0.732000
-0.711200 0.000800 0.703000
-0.688100 -0.011500 0.725500
-0.727000 -0.196800 0.657800
-0.112500 0.000200 0.993700
-0.753100 0.000100 0.657900
0.753100 -0.000100 0.657900
0.118100 -0.000000 0.993000
0.114100 -0.031100 0.993000
0.196800 -0.727000 0.657800
-0.000400 -0.116100 0.993200
-0.000100 -0.753100 0.657900
0.532600 -0.532500 0.657900
0.058500 -0.100600 0.993200
0.378800 -0.651000 0.657800
0.378700 0.650900 0.658000
0.057700 0.099600 0.993400
0.080800 0.081400 0.993400
0.727000 0.196800 0.657800
0.196900 0.726800 0.658000
-0.108500 0.029600 0.993700
-0.726800 0.196900 0.658000
-0.196800 0.727000 0.657800
-0.000200 0.114600 0.993400
0.000100 0.753100 0.657900
-0.532600 0.532500 0.657800
-0.078500 0.078000 0.993900
-0.056800 0.096800 0.993700
-0.650900 0.378700 0.658000
0.030100 0.111400 0.993300
-0.030100 0.109800 0.993500
-0.378800 0.651000 0.657800
0.726800 -0.196900 0.658000
0.101100 -0.059000 0.993100
0.532500 0.532600 0.657900
0.100300 0.058900 0.993200
0.651000 0.378800 0.657800
0.113700 0.031000 0.993000
0.081800 -0.081800 0.993300
0.650900 -0.378700 0.658000
-0.030700 -0.111200 0.993300
-0.196800 -0.726900 0.658000
0.030300 -0.112800 0.993200
-0.533500 -0.532100 0.657500
-0.097000 -0.056400 0.993700
-0.651000 -0.378800 0.657800
-0.108900 -0.029400 0.993600
-0.079100 -0.079100 0.993700
-0.379300 -0.650700 0.657800
-0.057400 -0.097900 0.993500
-0.096400 0.056100 0.993800
-0.293200 -0.498900 0.815600
-0.409900 -0.409400 0.815100
0.497500 -0.292300 0.816800
0.408100 -0.408500 0.816500
0.292600 0.498400 0.816100
0.408700 0.408600 0.816100
-0.495700 0.305700 0.812900
-0.408100 0.410000 0.815700
0.498400 0.292700 0.816000
0.557100 0.153200 0.816200
-0.500200 -0.293500 0.814700
0.292500 -0.498500 0.816100
0.153100 -0.557700 0.815800
-0.153200 -0.557700 0.815800
-0.000000 -0.578400 0.815800
-0.564100 -0.151400 0.811700
0.556400 -0.152700 0.816700
0.577400 0.000200 0.816400
-0.293700 0.500100 0.814600
-0.153700 0.559000 0.814800
0.152900 0.557800 0.815800
-0.000300 0.579100 0.815200
-0.570900 0.149900 0.807200
-0.595800 -0.012000 0.803100
-0.756800 -0.000000 0.653700
-0.730500 -0.197800 0.653600
-0.000000 -0.756800 0.653700
0.197800 -0.730500 0.653600
0.380600 -0.654100 0.653700
0.535100 -0.535000 0.653800
0.756800 -0.000000 0.653700
0.730500 0.197800 0.653600
0.380500 0.654000 0.653900
0.197800 0.730300 0.653800
-0.000000 0.756800 0.653700
-0.197800 0.730500 0.653600
-0.535100 0.535000 0.653800
-0.654000 0.380500 0.653900
0.654100 0.380600 0.653600
0.535000 0.535100 0.653800
0.654000 -0.380500 0.653900
-0.197800 -0.730400 0.653700
-0.654200 -0.380600 0.653600
-0.535800 -0.534700 0.653500
-0.381200 -0.653800 0.653600
-0.730300 0.197800 0.653800
0.730300 -0.197800 0.653800
-0.380600 0.654100 0.653600
240
0 0 1 2 0 1 2 1
0 3 4 5 3 4 5 1
0 6 7 8 6 7 8 1
0 7 9 8 7 9 8 1
0 10 11 12 10 11 12 1
0 13 14 15 13 14 15 1
0 14 16 15 14 16 15 1
0 17 18 19 17 18 19 1
0 20 21 22 20 21 22 1
0 21 23 22 21 23 22 1
0 24 25 26 24 25 26 1
0 27 28 29 27 28 29 1
0 0 4 1 0 4 1 1
0 30 31 2 30 31 2 1
0 32 33 34 32 33 34 1
0 5 35 36 5 35 36 1
0 3 1 4 3 1 4 1
0 5 36 3 5 36 3 1
0 6 32 34 6 32 34 1
0 35 34 33 35 34 33 1
0 36 35 33 36 35 33 1
0 7 11 9 7 11 9 1
0 32 6 8 32 6 8 1
0 30 37 38 30 37 38 1
0 12 39 40 12 39 40 1
0 10 9 11 10 9 11 1
0 12 40 10 12 40 10 1
0 13 27 29 13 27 29 1
0 39 29 28 39 29 28 1
0 40 39 28 40 39 28 1
0 14 18 16 14 18 16 1
0 27 13 15 27 13 15 1
0 41 42 43 41 42 43 1
0 19 44 45 19 44 45 1
0 17 16 18 17 16 18 1
0 19 45 17 19 45 17 1
0 20 41 43 20 41 43 1
0 44 43 42 44 43 42 1
0 45 44 42 45 44 42 1
0 21 25 23 21 25 23 1
0 41 20 22 41 20 22 1
0 26 46 47 26 46 47 1
0 24 23 25 24 23 25 1
0 26 47 24 26 47 24 1
0 31 30 38 31 30 38 1
0 46 38 37 46 38 37 1
0 47 46 37 47 46 37 1
0 31 0 2 31 0 2 1
0 48 49 50 48 49 50 1
0 51 52 53 51 52 53 1
0 54 55 56 54 55 56 1
0 57 58 59 57 58 59 1
0 60 61 62 60 61 62 1
0 63 52 51 63 52 51 1
0 61 60 64 61 60 64 1
0 65 66 50 65 66 50 1
0 67 68 69 67 68 69 1
0 70 71 72 70 71 72 1
0 71 70 73 71 70 73 1
0 74 64 69 74 64 69 1
0 75 76 72 75 76 72 1
0 77 53 78 77 53 78 1
0 79 80 81 79 80 81 1
0 82 81 80 82 81 80 1
0 83 57 84 83 57 84 1
0 85 86 56 85 86 56 1
0 87 59 58 87 59 58 1
0 88 89 90 88 89 90 1
0 91 90 89 91 90 89 1
0 92 88 93 92 88 93 1
0 48 91 49 48 91 49 1
0 94 92 93 94 92 93 1
0 66 65 95 66 65 95 1
0 73 66 95 73 66 95 1
0 94 93 86 94 93 86 1
0 85 94 86 85 94 86 1
0 54 87 55 54 87 55 1
0 57 83 58 57 83 58 1
0 77 51 53 77 51 53 1
0 63 82 52 63 82 52 1
0 79 60 62 79 60 62 1
0 74 61 64 74 61 64 1
0 67 75 68 67 75 68 1
0 72 76 70 72 76 70 1
0 49 65 50 49 65 50 1
0 95 71 73 95 71 73 1
0 75 67 76 75 67 76 1
0 68 74 69 68 74 69 1
0 79 62 80 79 62 80 1
0 82 63 81 82 63 81 1
0 84 77 78 84 77 78 1
0 78 83 84 78 83 84 1
0 87 54 59 87 54 59 1
0 55 85 56 55 85 56 1
0 88 92 89 88 92 89 1
0 91 48 90 91 48 90 1
0 96 97 98 5 4 61 1
0 96 98 99 5 61 74 1
0 100 101 102 7 6 72 1
0 100 102 103 7 72 71 1
0 104 105 106 12 11 95 1
0 104 106 107 12 95 65 1
0 108 109 110 14 13 89 1
0 108 110 111 14 89 92 1
0 112 113 114 19 18 94 1
0 112 114 115 19 94 85 1
0 116 117 118 21 20 58 1
0 116 118 119 21 58 83 1
0 120 121 122 26 25 78 1
0 120 122 123 26 78 53 1
0 97 124 125 4 0 62 1
0 97 125 98 4 62 61 1
0 126 96 99 35 5 74 1
0 126 99 127 35 74 68 1
0 101 128 129 6 34 75 1
0 101 129 102 6 75 72 1
0 128 126 127 34 35 68 1
0 128 127 129 34 68 75 1
0 105 100 103 11 7 71 1
0 105 103 106 11 71 95 1
0 130 104 107 39 12 65 1
0 130 107 131 39 65 49 1
0 109 132 133 13 29 91 1
0 109 133 110 13 91 89 1
0 132 130 131 29 39 49 1
0 132 131 133 29 49 91 1
0 113 108 111 18 14 92 1
0 113 111 114 18 92 94 1
0 134 112 115 44 19 85 1
0 134 115 135 44 85 55 1
0 117 136 137 20 43 87 1
0 117 137 118 20 87 58 1
0 136 134 135 43 44 55 1
0 136 135 137 43 55 87 1
0 121 116 119 25 21 83 1
0 121 119 122 25 83 78 1
0 138 120 123 46 26 53 1
0 138 123 139 46 53 52 1
0 140 141 142 31 38 82 1
0 140 142 143 31 82 80 1
0 141 138 139 38 46 52 1
0 141 139 142 38 52 82 1
0 124 140 143 0 31 80 1
0 124 143 125 0 80 62 1
0 144 145 146 2 1 96 1
0 144 146 147 2 96 97 1
0 148 149 150 8 9 98 1
0 148 150 151 8 98 99 1
0 152 153 154 15 16 100 1
0 152 154 155 15 100 101 1
0 156 157 158 22 23 102 1
0 156 158 159 22 102 103 1
0 160 161 162 28 27 104 1
0 160 162 163 28 104 105 1
0 164 144 147 30 2 97 1
0 164 147 165 30 97 106 1
0 166 167 168 33 32 107 1
0 166 168 169 33 107 108 1
0 145 170 171 1 3 109 1
0 145 171 146 1 109 96 1
0 170 172 173 3 36 110 1
0 170 173 171 3 110 109 1
0 172 166 169 36 33 108 1
0 172 169 173 36 108 110 1
0 167 148 151 32 8 99 1
0 167 151 168 32 99 107 1
0 174 164 165 37 30 106 1
0 174 165 175 37 106 111 1
0 149 176 177 9 10 112 1
0 149 177 150 9 112 98 1
0 176 178 179 10 40 113 1
0 176 179 177 10 113 112 1
0 178 160 163 40 28 105 1
0 178 163 179 40 105 113 1
0 161 152 155 27 15 101 1
0 161 155 162 27 101 104 1
0 180 181 182 42 41 114 1
0 180 182 183 42 114 115 1
0 153 184 185 16 17 116 1
0 153 185 154 16 116 100 1
0 184 186 187 17 45 117 1
0 184 187 185 17 117 116 1
0 186 180 183 45 42 115 1
0 186 183 187 45 115 117 1
0 181 156 159 41 22 103 1
0 181 159 182 41 103 114 1
0 157 188 189 23 24 118 1
0 157 189 158 23 118 102 1
0 188 190 191 24 47 119 1
0 188 191 189 24 119 118 1
0 190 174 175 47 37 111 1
0 190 175 191 47 111 119 1
0 192 193 194 48 50 120 1
0 192 194 195 48 120 121 1
0 196 197 198 54 56 122 1
0 196 198 199 54 122 123 1
0 200 201 202 57 59 124 1
0 200 202 203 57 124 125 1
0 204 205 206 63 51 126 1
0 204 206 207 63 126 127 1
0 208 209 210 64 60 128 1
0 208 210 211 64 128 129 1
0 212 213 214 67 69 130 1
0 212 214 215 67 130 131 1
0 216 217 218 73 70 132 1
0 216 218 219 73 132 133 1
0 213 208 211 69 64 129 1
0 213 211 214 69 129 130 1
0 220 221 222 79 81 134 1
0 220 222 223 79 134 135 1
0 224 200 203 84 57 125 1
0 224 203 225 84 125 136 1
0 197 226 227 56 86 137 1
0 197 227 198 56 137 122 1
0 228 229 230 88 90 138 1
0 228 230 231 88 138 139 1
0 232 228 231 93 88 139 1
0 232 231 233 93 139 140 1
0 234 216 219 66 73 133 1
0 234 219 235 66 133 141 1
0 226 232 233 86 93 140 1
0 226 233 227 86 140 137 1
0 205 236 237 51 77 142 1
0 205 237 206 51 142 126 1
0 209 220 223 60 79 135 1
0 209 223 210 60 135 128 1
0 217 238 239 70 76 143 1
0 217 239 218 70 143 132 1
0 238 212 215 76 67 131 1
0 238 215 239 76 131 143 1
0 221 204 207 81 63 127 1
0 221 207 222 81 127 134 1
0 236 224 225 77 84 136 1
0 236 225 237 77 136 142 1
0 201 196 199 59 54 123 1
0 201 199 202 59 123 124 1
0 229 192 195 90 48 121 1
0 229 195 230 90 121 138 1
0 193 234 235 50 66 141 1
0 193 235 194 50 141 120 1
"spikes" 0 0
60
0 2.450001 28.955191 5.200000 0.052113 0.484005 0
0 -2.450001 28.955191 5.200000 0.194888 0.484005 0
0 -0.000003 25.940945 8.021700 0.052113 0.484005 0
0 -2.450000 9.900000 -0.943999 0.788358 0.482194 0
0 2.450000 9.900000 -0.943999 0.943335 0.482194 0
0 -0.000002 12.445406 5.000000 0.943335 0.482194 0
0 -2.444383 19.916344 7.021667 0.329057 0.486048 0
0 -0.003654 19.942930 9.800000 0.438413 0.486048 0
0 -0.000003 25.940945 8.021700 0.438413 0.486048 0
0 -2.450001 28.955191 5.200000 0.329057 0.486048 0
0 -0.000002 12.445406 5.000000 0.329057 0.486048 0
0 -2.444383 19.916344 7.021667 0.438413 0.486048 0
0 -2.450000 9.900000 -0.943999 0.329057 0.486048 0
0 2.450000 9.900000 -0.943999 0.540761 0.482173 0
0 2.467758 19.913225 7.021667 0.688668 0.482173 0
0 -0.003654 19.942930 9.800000 0.688668 0.482173 0
0 -0.000002 12.445406 5.000000 0.540761 0.482173 0
0 2.450001 28.955191 5.200000 0.540761 0.482173 0
0 -0.000003 25.940945 8.021700 0.688668 0.482173 0
0 2.467758 19.913225 7.021667 0.540761 0.482173 0
0 23.850929 -16.599358 5.200000 0.825550 0.514532 0
0 26.300928 -12.355833 5.200000 0.968325 0.514532 0
0 22.465517 -12.970470 8.021700 0.825550 0.514532 0
0 9.798652 -2.828238 -0.943999 0.036405 0.513444 0
0 7.348651 -7.071762 -0.943999 0.191382 0.513444 0
0 10.778038 -6.222702 5.000000 0.191382 0.513444 0
0 18.470253 -7.841274 7.021667 0.329057 0.513392 0
0 17.272911 -9.968301 9.800000 0.438413 0.513392 0
0 22.465517 -12.970470 8.021700 0.438413 0.513392 0
0 26.300928 -12.355833 5.200000 0.329057 0.513392 0
0 10.778038 -6.222702 5.000000 0.329057 0.513392 0
0 18.470253 -7.841274 7.021667 0.438413 0.513392 0
0 9.798652 -2.828238 -0.943999 0.329057 0.513392 0
0 7.348651 -7.071762 -0.943999 0.540761 0.517329 0
0 16.011480 -12.093754 7.021667 0.688668 0.517329 0
0 17.272911 -9.968301 9.800000 0.688668 0.517329 0
0 10.778038 -6.222702 5.000000 0.540761 0.517329 0
0 23.850929 -16.599358 5.200000 0.540761 0.517329 0
0 22.465517 -12.970470 8.021700 0.688668 0.517329 0
0 16.011480 -12.093754 7.021667 0.540761 0.517329 0
0 -26.300930 -12.355835 5.200000 0.052113 0.542599 0
0 -23.850929 -16.599360 5.200000 0.194888 0.542599 0
0 -22.465515 -12.970474 8.021700 0.052113 0.542599 0
0 -7.348651 -7.071763 -0.943999 0.788358 0.546647 0
0 -9.798652 -2.828238 -0.943999 0.943335 0.546647 0
0 -10.778036 -6.222704 5.000000 0.943335 0.546647 0
0 -16.025867 -12.075072 7.021667 0.536088 0.544642 0
0 -17.269257 -9.974628 9.800000 0.645445 0.544642 0
0 -22.465515 -12.970474 8.021700 0.645445 0.544642 0
0 -23.850929 -16.599360 5.200000 0.536088 0.544642 0
0 -10.778036 -6.222704 5.000000 0.536088 0.544642 0
0 -16.025867 -12.075072 7.021667 0.645445 0.544642 0
0 -7.348651 -7.071763 -0.943999 0.536088 0.544642 0
0 -9.798652 -2.828238 -0.943999 0.300527 0.544673 0
0 -18.479237 -7.819471 7.021667 0.448433 0.544673 0
0 -17.269257 -9.974628 9.800000 0.448433 0.544673 0
0 -10.778036 -6.222704 5.000000 0.300527 0.544673 0
0 -26.300930 -12.355835 5.200000 0.300527 0.544673 0
0 -22.465515 -12.970474 8.021700 0.448433 0.544673 0
0 -18.479237 -7.819471 7.021667 0.300527 0.544673 0
18
-0.000000 0.683400 0.730000
-0.000000 -0.919300 0.393700
-0.696800 0.166900 0.697600
-0.749300 -0.390000 0.535200
0.746800 -0.392200 0.537100
0.694300 0.168100 0.699800
0.591800 -0.341700 0.730000
-0.796100 0.459600 0.393700
0.492900 0.520000 0.697600
0.036900 0.843900 0.535200
-0.713000 -0.450600 0.537100
-0.201500 -0.685400 0.699800
-0.591800 -0.341700 0.730000
0.796100 0.459600 0.393700
0.203800 -0.686900 0.697600
0.712400 -0.454000 0.535200
-0.033700 0.842800 0.537100
-0.492800 0.517200 0.699800
30
0 0 1 2 0 0 0 1
0 3 4 5 1 1 1 1
0 6 7 8 2 2 2 1
0 6 8 9 2 2 2 1
0 10 7 11 3 3 3 1
0 10 11 12 3 3 3 1
0 13 14 15 4 4 4 1
0 13 15 16 4 4 4 1
0 17 18 15 5 5 5 1
0 17 15 19 5 5 5 1
0 20 21 22 6 6 6 1
0 23 24 25 7 7 7 1
0 26 27 28 8 8 8 1
0 26 28 29 8 8 8 1
0 30 27 31 9 9 9 1
0 30 31 32 9 9 9 1
0 33 34 35 10 10 10 1
0 33 35 36 10 10 10 1
0 37 38 35 11 11 11 1
0 37 35 39 11 11 11 1
0 40 41 42 12 12 12 1
0 43 44 45 13 13 13 1
0 46 47 48 14 14 14 1
0 46 48 49 14 14 14 1
0 50 47 51 15 15 15 1
0 50 51 52 15 15 15 1
0 53 54 55 16 16 16 1
0 53 55 56 16 16 16 1
0 57 58 55 17 17 17 1
0 57 55 59 17 17 17 1

Materials: 2
"white outer"
0.000000 0.000000 0.000000 1.000000
1.000000 1.000000 1.000000 1.000000
1.000000 1.000000 1.000000 1.000000
0.000000 0.000000 0.000000 1.000000
0.000000
1.000000
"_mine tex.png"
""
"red middle"
1.000000 1.000000 1.000000 1.000000
1.000000 1.000000 1.000000 1.000000
0.898039 0.898039 0.898039 1.000000
0.000000 0.000000 0.000000 1.000000
12.799999
1.000000
"_mine ani tex.ini"
""

Bones: 1
"joint1"
""
0 0 0 0 0 0 0
2
1.000000 0.000000 0.000000 0.000000
120.000000 0.000000 0.000000 0.000000
3
1.000000 0.000000 0.000000 0.000000
60.000000 0.000000 0.000000 3.1
120.000000 0.000000 0.000000 6.2

GroupComments: 0
MaterialComments: 0
BoneComments: 0
ModelComment: 0