// MilkShape 3D ASCII

Frames: 30
Frame: 1

Meshes: 2
"shellboi" 0 0
76
3 20.264883 13.016655 0.000000 0.112305 0.377614 -1
3 19.429560 13.466315 0.000000 0.099609 0.275164 -1
3 30.639727 1.516300 -0.000000 0.119614 0.479399 -1
3 19.429560 12.025830 -0.000001 0.099609 0.319358 -1
3 18.457245 13.016655 -0.000000 0.091797 0.337664 -1
3 9.516092 2.614311 -0.000000 0.080078 0.475608 -1
3 -18.457245 13.016655 -0.000000 0.033203 0.337663 -1
3 -19.429560 13.466315 -0.000001 0.025391 0.275163 -1
3 -9.516092 2.614311 -0.000000 0.044921 0.475608 -1
3 10.482342 30.216208 -0.000000 0.083984 0.026274 -1
3 9.516092 29.256649 -0.000002 0.080078 0.057524 -1
3 10.482342 5.675669 0.000000 0.083984 0.400164 -1
3 -10.482342 30.216208 -0.000000 0.041015 0.026274 -1
3 -9.516092 29.256649 0.000000 0.044921 0.057524 -1
3 -10.482342 5.675669 0.000000 0.041015 0.400163 -1
3 -19.429560 12.025830 -0.000001 0.025391 0.319358 -1
3 -20.264883 13.016655 0.000000 0.012626 0.377281 -1
3 -32.417458 1.383925 -0.000000 0.006243 0.428340 -1
3 -30.639727 1.516300 -0.000000 0.005385 0.479399 -1
3 0.000000 -28.825136 0.000000 0.062500 0.936315 -1
3 0.000000 -30.326008 0.000000 0.062500 0.980509 -1
3 1.839303 -29.237999 -0.000001 0.093235 0.733684 -1
3 32.417458 1.516300 0.000000 0.109375 0.605175 -1
3 1.839303 -29.237999 -0.000001 0.093750 0.730286 -1
3 32.417458 1.516300 0.000000 0.118652 0.428838 -1
3 10.482342 30.216208 -0.000000 0.073242 0.026274 -1
3 -10.482342 30.216208 -0.000000 0.062500 0.026274 -1
3 -10.482342 30.216208 -0.000000 0.041015 0.213219 -1
3 -32.417458 1.383925 -0.000000 0.015521 0.604677 -1
3 -1.839305 -29.237999 -0.000001 0.031165 0.729800 -1
3 -1.839305 -29.237999 -0.000001 0.031180 0.729954 -1
3 30.639725 1.516300 -0.000000 0.372693 0.760636 -1
3 24.051661 1.516300 7.500000 0.249934 0.716689 -1
3 0.000000 -28.825134 0.000000 0.373164 0.992548 -1
3 30.639725 1.516300 -0.000000 0.373164 0.762477 -1
3 19.429560 12.025830 -0.000001 0.373304 0.610876 -1
3 24.051661 1.516300 7.500000 0.250265 0.713706 -1
3 19.429560 12.025830 -0.000001 0.373304 0.609151 -1
3 19.053097 6.692636 7.500000 0.250405 0.609423 -1
3 24.051661 1.516300 7.500000 0.250405 0.713054 -1
3 9.516092 29.256649 -0.000002 0.373164 0.006186 -1
3 5.751484 25.620247 7.499998 0.250405 0.005813 -1
3 5.751484 -6.169774 7.500000 0.250731 0.415171 -1
3 9.516092 29.256649 -0.000002 0.125000 0.000000 -1
3 -9.516092 29.256649 0.000000 0.125000 0.000000 -1
3 5.751484 25.620247 7.499998 0.250000 0.000591 -1
3 -5.751484 25.620247 7.499998 0.250000 0.000591 -1
3 -19.429560 12.025830 -0.000001 0.125503 0.613354 -1
3 -30.639725 1.516300 -0.000000 0.125834 0.667645 -1
3 -19.053478 6.692636 7.499999 0.248958 0.612529 -1
3 -30.639725 1.516300 -0.000000 0.125571 0.668548 -1
3 -24.051661 1.516300 7.500000 0.249098 0.669025 -1
3 -19.053478 6.692636 7.499999 0.248958 0.610432 -1
3 -30.639725 1.516300 -0.000000 0.125571 0.672681 -1
3 0.000000 -28.825134 0.000000 0.125046 0.995115 -1
3 -24.051661 1.516300 7.500000 0.249098 0.671106 -1
3 0.000000 -28.825134 0.000000 0.125834 0.995355 -1
3 0.000000 -23.005936 7.500001 0.249099 0.997528 -1
3 -24.051661 1.516300 7.500000 0.249098 0.671716 -1
3 -19.429560 12.025830 -0.000001 0.125503 0.613580 -1
3 -19.053478 6.692636 7.499999 0.249098 0.612224 -1
3 -5.751484 -6.169774 7.500000 0.249322 0.482044 -1
3 24.051661 1.516300 7.500000 0.250405 0.720819 -1
3 0.000000 -23.005936 7.500001 0.250405 0.989023 -1
3 -5.751484 -6.169774 7.500000 0.249642 0.480962 -1
3 -9.516092 2.614311 -0.000000 0.125834 0.490115 -1
3 -19.429560 12.025830 -0.000001 0.125834 0.614733 -1
3 -9.516092 29.256649 0.000000 0.125834 0.003856 -1
3 -5.751484 -6.169774 7.500000 0.249871 0.407516 -1
3 -5.751484 25.620247 7.499998 0.249098 0.002611 -1
3 -5.751484 -6.169774 7.500000 0.249871 0.480382 -1
3 5.751484 -6.169774 7.500000 0.250731 0.475628 -1
3 9.516092 2.614311 -0.000000 0.373164 0.475447 -1
3 5.751484 -6.169774 7.500000 0.250648 0.477837 -1
3 19.053097 6.692636 7.500000 0.250405 0.608775 -1
3 19.429560 12.025830 -0.000001 0.373164 0.608223 -1
19
-0.000000 -0.000000 1.000000
0.751300 0.008200 0.659900
0.763200 0.009200 0.646100
-0.000000 -0.782800 0.622200
0.013000 0.804500 0.593700
-0.000400 0.812300 0.583200
0.581700 0.578000 0.572300
0.575900 0.583900 0.572200
0.242900 0.571600 0.783800
-0.581700 0.578000 0.572300
-0.575900 0.583900 0.572200
-0.006400 0.812900 0.582400
-0.758900 0.003200 0.651200
0.024000 0.806600 0.590700
-0.753800 -0.012000 0.657000
-0.000000 -0.790100 0.613000
-0.243700 0.570500 0.784300
-0.244300 0.567000 0.786700
0.240300 0.572700 0.783700
42
3 0 1 2 0 0 0 1
3 1 3 2 0 0 0 1
3 4 5 1 0 0 0 1
3 6 7 8 0 0 0 1
3 9 10 11 0 0 0 1
3 12 13 10 0 0 0 1
3 14 8 13 0 0 0 1
3 14 6 8 0 0 0 1
3 7 15 8 0 0 0 1
3 16 17 18 0 0 0 1
3 19 20 21 0 0 0 1
3 22 2 23 0 0 0 1
3 24 0 2 0 0 0 1
3 5 3 1 0 0 0 1
3 10 5 11 0 0 0 1
3 25 26 10 0 0 0 1
3 27 14 13 0 0 0 1
3 28 29 18 0 0 0 1
3 21 2 19 0 0 0 1
3 20 19 30 0 0 0 1
3 29 19 18 0 0 0 1
3 18 7 16 0 0 0 1
3 7 18 15 0 0 0 1
3 4 11 5 0 0 0 1
3 31 32 33 1 2 3 1
3 34 35 36 1 4 2 1
3 37 38 39 4 5 2 1
3 40 41 42 6 7 8 1
3 43 44 45 6 9 7 1
3 44 46 45 9 10 7 1
3 47 48 49 11 12 13 1
3 50 51 52 12 14 13 1
3 53 54 55 12 3 14 1
3 56 57 58 3 15 14 1
3 59 60 61 11 13 16 1
3 62 63 33 2 15 3 1
3 64 65 66 16 17 11 1
3 67 68 69 9 16 10 1
3 70 67 65 16 9 17 1
3 40 71 72 6 8 18 1
3 72 73 74 18 8 5 1
3 72 74 75 18 5 4 1
"scrollerboi" 0 0
12
0 0.000000 -23.000000 7.500002 0.551018 0.908796 -1
0 5.751484 -6.169774 7.500000 0.546875 0.643631 -1
0 0.000000 25.620199 7.499998 0.534100 0.327417 -1
0 24.051661 1.516300 7.500000 0.551018 0.356369 -1
0 19.053097 6.692636 7.500000 0.546875 0.356369 -1
0 -5.751484 -6.169774 7.500000 0.546875 0.643631 -1
0 -19.053478 6.692636 7.499999 0.546875 0.356369 -1
0 -24.051661 1.516300 7.500000 0.542731 0.356369 -1
0 0.000000 -23.000000 7.500002 0.542731 0.908796 -1
0 0.000000 25.620199 7.499998 0.559649 0.327417 -1
0 -5.751484 25.620247 7.499998 0.557578 0.261126 -1
0 5.751484 25.620199 7.499998 0.536171 0.261126 -1
6
-0.001900 0.001800 1.000000
-0.000000 -0.000000 1.000000
-0.006600 0.000800 1.000000
-0.002100 0.001900 1.000000
0.000400 0.000900 1.000000
-0.008000 0.000900 1.000000
8
0 0 1 2 0 1 2 1
0 1 0 3 1 0 1 1
0 4 1 3 1 1 1 1
0 5 6 7 3 1 4 1
0 5 7 8 3 4 0 1
0 5 8 9 3 0 2 1
0 10 5 9 1 3 2 1
0 1 11 2 1 5 2 1

Materials: 1
"19 - Default"
0.588235 0.588235 0.588235 1.000000
0.588235 0.588235 0.588235 1.000000
0.898039 0.898039 0.898039 1.000000
0.000000 0.000000 0.000000 1.000000
12.799999
1.000000
"textures\Tap Note parts (mipmaps).ini"
""

Bones: 0
GroupComments: 0
MaterialComments: 0
BoneComments: 0
ModelComment: 0
