// MilkShape 3D ASCII

Frames: 30
Frame: 1

Meshes: 2
"fire" 0 1
22
0 -25.923130 54.162880 -0.410000 0.273607 0.038914 -1
0 -4.238085 -148.296265 -0.410000 0.473160 1.060095 -1
0 -14.490755 58.328430 -0.410000 0.378810 0.017904 -1
0 -50.492043 -79.702637 -0.410000 0.047512 0.714116 -1
0 -40.453949 -102.977226 -0.410000 0.139885 0.831511 -1
0 -31.301571 -120.445473 -0.410000 0.224109 0.919619 -1
0 -53.690460 14.527483 -0.410000 0.018081 0.238831 -1
0 -46.309509 37.408424 -0.410000 0.086000 0.123422 -1
0 0.752410 59.221046 -0.410000 0.519087 0.013402 -1
0 22.285072 56.549965 -0.410000 0.717238 0.026874 -1
0 36.328037 48.446411 -0.410000 0.846462 0.067748 -1
0 45.906403 40.146484 -0.410000 0.934604 0.109611 -1
0 -36.222210 48.725876 -0.410000 0.178828 0.066338 -1
0 51.426582 17.883089 -0.410000 0.985407 0.221905 -1
0 55.264679 -3.506630 -0.410000 1.020729 0.329793 -1
0 53.338795 -28.235546 -0.410000 1.002997 0.454522 -1
0 46.198414 -59.035980 -0.410000 0.937297 0.609876 -1
0 41.769840 -85.853432 -0.410000 0.896539 0.745140 -1
0 -54.674583 -56.329628 -0.410000 0.009023 0.596226 -1
0 -56.888870 -16.964567 -0.410000 -0.011356 0.397673 -1
0 26.171431 -122.758179 -0.410000 0.752994 0.931284 -1
0 37.390480 -104.158188 -0.410000 0.856235 0.837467 -1
1
-0.000000 -0.000000 1.000000
20
0 0 1 2 0 0 0 1
0 1 3 4 0 0 0 1
0 1 4 5 0 0 0 1
0 6 1 7 0 0 0 1
0 2 1 8 0 0 0 1
0 8 1 9 0 0 0 1
0 9 1 10 0 0 0 1
0 10 1 11 0 0 0 1
0 1 12 7 0 0 0 1
0 12 1 0 0 0 0 1
0 11 1 13 0 0 0 1
0 13 1 14 0 0 0 1
0 14 1 15 0 0 0 1
0 15 1 16 0 0 0 1
0 16 1 17 0 0 0 1
0 3 1 18 0 0 0 1
0 18 1 19 0 0 0 1
0 19 1 6 0 0 0 1
0 20 21 1 0 0 0 1
0 21 17 1 0 0 0 1
"arrow" 0 0
171
0 6.666220 22.240850 7.099822 0.506067 0.485380 -1
0 6.475945 24.643074 7.099823 0.506067 0.485380 -1
0 5.121555 24.956896 7.099823 0.506067 0.485380 -1
0 7.046019 0.196781 7.099819 0.506067 0.485380 -1
0 6.376930 0.684260 7.099819 0.506067 0.485380 -1
0 1.332130 -25.330772 7.099816 0.506067 0.485380 -1
0 24.268782 4.018451 7.099820 0.506067 0.485380 -1
0 12.749475 4.250020 7.062635 0.506067 0.485380 -1
0 21.300562 -6.154840 7.099818 0.506067 0.485380 -1
0 -26.645504 2.185859 7.099820 0.506067 0.485380 -1
0 -26.405239 1.559867 7.099819 0.506067 0.485380 -1
0 -26.411514 2.653839 7.099820 0.506067 0.485380 -1
0 -9.002936 -0.021134 7.099819 0.506067 0.485380 -1
0 -9.725553 0.093567 7.099819 0.506067 0.485380 -1
0 -14.318005 -17.077587 7.099817 0.506067 0.485380 -1
0 -11.865618 24.782896 -0.399998 0.506067 0.485380 -1
0 -8.379932 23.777973 6.600002 0.506067 0.485380 -1
0 -7.884424 24.521236 6.600002 0.506067 0.485380 -1
0 -2.582485 26.949230 6.600002 0.506067 0.485380 -1
0 4.985448 30.817497 -0.399998 0.506067 0.485380 -1
0 -4.500302 30.817497 -0.399998 0.506067 0.485380 -1
0 7.030377 26.536306 6.600002 0.506067 0.485380 -1
0 7.406963 23.258684 6.600002 0.506067 0.485380 -1
0 10.767303 25.174139 -0.399998 0.506067 0.485380 -1
0 7.217639 15.336576 6.600001 0.506067 0.485380 -1
0 -11.153018 5.810350 -0.399999 0.506067 0.485380 -1
0 -9.211728 0.561308 6.599999 0.506067 0.485380 -1
0 -9.006230 15.357108 6.600001 0.506067 0.485380 -1
0 -14.135098 5.484678 6.599999 0.506067 0.485380 -1
0 -12.065856 2.416491 6.599999 0.506067 0.485380 -1
0 17.288454 14.101651 -0.399998 0.506067 0.485380 -1
0 15.862160 13.196148 -0.399999 0.506067 0.485380 -1
0 19.099636 11.835589 6.600000 0.506067 0.485380 -1
0 -30.772917 4.931148 -0.400000 0.506067 0.485380 -1
0 -28.302675 2.808933 6.599999 0.506067 0.485380 -1
0 -27.660496 3.451112 6.599999 0.506067 0.485380 -1
0 28.066355 1.751006 6.599999 0.506067 0.485380 -1
0 31.781496 2.437285 -0.400000 0.506067 0.485380 -1
0 27.662020 2.369400 6.599999 0.506067 0.485380 -1
0 -8.613949 -25.044498 6.599996 0.506067 0.485380 -1
0 -10.730760 -23.403376 6.599996 0.506067 0.485380 -1
0 -13.092259 -26.866127 -0.400004 0.506067 0.485380 -1
0 15.955338 -14.798179 6.599997 0.506067 0.485380 -1
0 10.275623 -21.562460 6.599996 0.506067 0.485380 -1
0 17.347137 -19.026121 -0.400003 0.506067 0.485380 -1
0 -14.135927 5.484153 7.099820 0.506067 0.485380 -1
0 -16.816130 9.916504 6.600000 0.506067 0.485380 -1
0 -16.822987 9.924153 7.099821 0.506067 0.485380 -1
0 -10.115536 0.632661 6.599999 0.506067 0.485380 -1
0 -10.113321 0.633804 7.099819 0.506067 0.485380 -1
0 -5.449289 24.362286 7.099823 0.506067 0.485380 -1
0 -3.252536 25.072515 7.099823 0.506067 0.485380 -1
0 -5.472950 26.123381 6.600002 0.506067 0.485380 -1
0 -27.779417 1.310516 6.599999 0.506067 0.485380 -1
0 16.791040 -11.872608 7.099817 0.506067 0.485380 -1
0 10.854453 -18.636890 7.099817 0.506067 0.485380 -1
0 8.586835 0.288542 7.099819 0.506067 0.485380 -1
0 9.012710 0.938380 7.099819 0.506067 0.485380 -1
0 9.015053 0.942338 6.599999 0.506067 0.485380 -1
0 10.132919 1.727222 6.599999 0.506067 0.485380 -1
0 10.132712 1.727123 7.146409 0.506067 0.485380 -1
0 12.749203 4.248369 6.599999 0.506067 0.485380 -1
0 18.301264 10.808205 7.099821 0.506067 0.485380 -1
0 18.302860 10.816825 6.600000 0.506067 0.485380 -1
0 -12.063990 2.416781 7.099819 0.506067 0.485380 -1
0 -8.092001 22.049913 7.099822 0.506067 0.485380 -1
0 -8.291790 15.399796 7.099821 0.506067 0.485380 -1
0 -8.291790 0.850593 7.099819 0.506067 0.485380 -1
0 6.309453 8.453829 7.099820 0.506067 0.485380 -1
0 -1.093879 -25.711323 7.099816 0.506067 0.485380 -1
0 6.047825 1.603923 7.099819 0.506067 0.485380 -1
0 6.785142 18.958605 7.099822 0.506067 0.485380 -1
0 1.636480 25.485439 7.099823 0.506067 0.485380 -1
0 -7.398289 23.073963 7.099822 0.506067 0.485380 -1
0 -6.506373 23.800709 7.099822 0.506067 0.485380 -1
0 -1.633875 25.452406 7.099823 0.506067 0.485380 -1
0 3.377589 -24.878870 7.099816 0.506067 0.485380 -1
0 7.611212 -22.286369 7.099816 0.506067 0.485380 -1
0 5.589538 -23.903709 7.099816 0.506067 0.485380 -1
0 8.036271 0.024730 7.099819 0.506067 0.485380 -1
0 25.873676 0.255341 7.099819 0.506067 0.485380 -1
0 26.438005 1.177536 7.099819 0.506067 0.485380 -1
0 26.052610 1.838214 7.099819 0.506067 0.485380 -1
0 20.859684 7.823955 7.099820 0.506067 0.485380 -1
0 -22.338106 -5.575451 7.099818 0.506067 0.485380 -1
0 -10.916836 -21.311211 7.099816 0.506067 0.485380 -1
0 -8.633533 -23.309099 7.099816 0.506067 0.485380 -1
0 -8.440902 0.288558 7.099819 0.506067 0.485380 -1
0 -6.159956 -24.974009 7.099816 0.506067 0.485380 -1
0 -3.567456 -25.735109 7.099816 0.506067 0.485380 -1
0 -8.788207 22.175303 6.600002 0.506067 0.485380 -1
0 -8.629644 23.087038 6.600002 0.506067 0.485380 -1
0 -10.750727 27.301727 -0.399998 0.506067 0.485380 -1
0 -11.466459 26.104250 -0.399998 0.506067 0.485380 -1
0 -9.088331 29.011150 -0.399998 0.506067 0.485380 -1
0 -9.814769 28.485439 -0.399998 0.506067 0.485380 -1
0 -6.959475 25.347084 6.600002 0.506067 0.485380 -1
0 -7.090627 30.119925 -0.399998 0.506067 0.485380 -1
0 -7.979558 29.756706 -0.399998 0.506067 0.485380 -1
0 -5.934061 30.492702 -0.399998 0.506067 0.485380 -1
0 -3.887324 26.618891 6.600002 0.506067 0.485380 -1
0 3.958225 26.982264 6.600002 0.506067 0.485380 -1
0 10.640079 26.025988 -0.399998 0.506067 0.485380 -1
0 10.247343 27.265039 -0.399998 0.506067 0.485380 -1
0 9.948643 28.006260 -0.399998 0.506067 0.485380 -1
0 9.474882 28.891359 -0.399998 0.506067 0.485380 -1
0 8.987916 29.624182 -0.399998 0.506067 0.485380 -1
0 8.318547 30.168301 -0.399998 0.506067 0.485380 -1
0 7.240889 30.445145 -0.399998 0.506067 0.485380 -1
0 10.546198 6.234896 -0.400000 0.506067 0.485380 -1
0 10.528889 7.755015 -0.399999 0.506067 0.485380 -1
0 -12.541400 7.880516 -0.399999 0.506067 0.485380 -1
0 -14.227862 10.238173 -0.399999 0.506067 0.485380 -1
0 -15.506720 12.154764 -0.399999 0.506067 0.485380 -1
0 -16.258894 13.072880 -0.399999 0.506067 0.485380 -1
0 -17.371603 13.668447 -0.399999 0.506067 0.485380 -1
0 -17.635370 11.264285 6.600000 0.506067 0.485380 -1
0 -18.674253 13.668611 -0.399998 0.506067 0.485380 -1
0 13.992545 10.726137 -0.399999 0.506067 0.485380 -1
0 6.878861 1.330486 6.599999 0.506067 0.485380 -1
0 7.242233 0.914809 6.599999 0.506067 0.485380 -1
0 7.889147 0.749640 6.599999 0.506067 0.485380 -1
0 20.966589 13.620660 -0.399999 0.506067 0.485380 -1
0 18.977667 14.287965 -0.399998 0.506067 0.485380 -1
0 -23.664717 6.590652 6.599999 0.506067 0.485380 -1
0 -28.088911 7.408689 -0.399999 0.506067 0.485380 -1
0 -30.181059 5.729467 -0.400000 0.506067 0.485380 -1
0 -31.185841 3.706141 -0.400000 0.506067 0.485380 -1
0 -31.400560 2.153548 -0.400000 0.506067 0.485380 -1
0 -31.235392 1.079947 -0.400000 0.506067 0.485380 -1
0 -30.442577 -0.670849 -0.400000 0.506067 0.485380 -1
0 -28.278891 2.024048 6.599999 0.506067 0.485380 -1
0 28.280415 1.132612 6.599999 0.506067 0.485380 -1
0 27.971218 0.585571 6.599999 0.506067 0.485380 -1
0 31.980093 -0.015083 -0.400000 0.506067 0.485380 -1
0 32.053860 1.144083 -0.400000 0.506067 0.485380 -1
0 27.313707 8.364766 -0.399999 0.506067 0.485380 -1
0 26.805780 3.725111 6.599999 0.506067 0.485380 -1
0 22.925535 12.244096 -0.399999 0.506067 0.485380 -1
0 22.025118 9.171738 6.600000 0.506067 0.485380 -1
0 24.308418 6.555454 6.599999 0.506067 0.485380 -1
0 -23.669474 -5.779138 6.599998 0.506067 0.485380 -1
0 -28.262341 -4.618398 -0.400001 0.506067 0.485380 -1
0 -20.612484 -17.736944 -0.400003 0.506067 0.485380 -1
0 -18.380955 -21.038792 -0.400003 0.506067 0.485380 -1
0 -16.534153 -16.006428 6.599997 0.506067 0.485380 -1
0 -15.645767 -24.590723 -0.400004 0.506067 0.485380 -1
0 -12.752434 -21.120073 6.599996 0.506067 0.485380 -1
0 -11.128803 -28.429211 -0.400004 0.506067 0.485380 -1
0 -9.218701 -29.485212 -0.400004 0.506067 0.485380 -1
0 -6.702847 -30.441225 -0.400004 0.506067 0.485380 -1
0 -6.616058 -26.281286 6.599996 0.506067 0.485380 -1
0 -3.522557 -30.832884 -0.400004 0.506067 0.485380 -1
0 -3.738146 -27.089956 6.599995 0.506067 0.485380 -1
0 -1.045016 -30.906029 -0.400004 0.506067 0.485380 -1
0 -0.979156 -27.327799 6.599995 0.506067 0.485380 -1
0 1.399284 -26.899679 6.599995 0.506067 0.485380 -1
0 1.466936 -30.639725 -0.400004 0.506067 0.485380 -1
0 3.898597 -29.770941 -0.400004 0.506067 0.485380 -1
0 5.774794 -29.027294 -0.400004 0.506067 0.485380 -1
0 3.054679 -26.414478 6.599995 0.506067 0.485380 -1
0 7.409971 -28.135378 -0.400004 0.506067 0.485380 -1
0 5.024027 -25.615320 6.599996 0.506067 0.485380 -1
0 10.758837 -25.792631 -0.400004 0.506067 0.485380 -1
0 7.678367 -24.102634 6.599996 0.506067 0.485380 -1
0 23.900541 -11.012702 -0.400002 0.506067 0.485380 -1
0 28.396929 -5.346310 -0.400001 0.506067 0.485380 -1
0 21.463806 -8.205143 6.599998 0.506067 0.485380 -1
0 30.315794 -2.927059 -0.400001 0.506067 0.485380 -1
0 25.602293 -2.839382 6.599998 0.506067 0.485380 -1
0 6.394009 -24.930330 6.599996 0.506067 0.485380 -1
226
-0.000000 -0.000000 1.000000
-0.003200 0.000900 1.000000
-0.746000 0.497300 0.442900
-0.000000 0.875200 0.483700
0.885700 0.101800 0.453000
0.903600 -0.021600 0.427900
-0.960900 0.013300 0.276500
0.775200 0.522800 0.354600
-0.495600 0.780600 0.380900
-0.641400 0.641400 0.420800
0.749200 0.489900 0.445700
-0.525900 -0.678400 0.513000
0.673700 -0.565700 0.475600
0.855500 0.517800 0.003800
0.812400 0.583100 -0.004900
0.519400 0.041100 0.853500
-0.087600 0.270900 0.958600
-0.319500 -0.122600 0.939600
0.269400 -0.236500 0.933500
-0.836400 0.548100 0.000400
-0.575800 0.817600 -0.000100
-0.694100 0.719900 -0.000100
-0.763600 0.645600 0.008700
0.828700 0.559700 -0.003400
0.674900 0.737900 -0.002900
-0.003300 -0.002900 1.000000
-0.018700 -0.032400 0.999300
0.015900 0.016700 0.999700
-0.882300 0.153400 0.445000
-0.835400 0.301900 0.459300
-0.750400 0.448500 0.485400
-0.836900 0.252800 0.485400
-0.502200 0.694000 0.516000
-0.673200 0.532300 0.513300
-0.322100 0.788200 0.524400
-0.477600 0.710300 0.517100
-0.189100 0.834700 0.517200
-0.261400 0.811000 0.523400
-0.210200 0.830200 0.516400
-0.254000 0.812900 0.524100
-0.392400 0.751400 0.530500
-0.578900 0.648300 0.494600
-0.004400 0.877300 0.480000
0.884900 0.132200 0.446700
0.862900 0.273500 0.425000
0.841000 0.338900 0.421800
0.798900 0.427600 0.422900
0.751700 0.499500 0.430600
0.377600 0.803600 0.460100
0.142400 0.862400 0.485800
0.125200 0.862200 0.490800
0.908200 0.010300 0.418400
0.898700 -0.012300 0.438400
-0.911000 0.029100 0.411400
-0.940900 -0.035300 0.336800
0.491800 0.756600 0.431000
0.776400 0.520700 0.355000
0.772900 0.552900 0.311200
0.789200 0.526600 0.316000
0.730700 0.598700 0.328100
0.449400 0.839600 0.305300
0.000100 0.945800 0.324800
0.818000 0.497200 0.289300
0.801900 0.485100 0.348600
-0.717900 0.543400 0.435000
-0.730800 0.560800 0.389100
-0.709000 0.554500 0.435700
0.572100 0.500100 0.650100
0.188200 0.737100 0.649000
-0.137700 0.804300 0.578000
-0.515400 0.734000 0.442300
-0.639100 0.663300 0.389400
-0.693300 0.586200 0.419300
0.302400 0.901200 0.310500
-0.103500 0.938100 0.330500
-0.576000 0.743100 0.340700
-0.505400 0.760200 0.408300
-0.564500 0.703300 0.432200
-0.556500 0.708200 0.434500
-0.723300 0.536300 0.435000
-0.870100 0.293300 0.396000
-0.911500 0.126100 0.391600
-0.863900 -0.293000 0.409700
-0.740300 -0.518200 0.428300
-0.951800 -0.028800 0.305300
0.765800 -0.432800 0.475700
0.878900 -0.055900 0.473700
0.865400 0.182300 0.466800
0.833700 0.288600 0.470800
0.726300 0.547500 0.415600
0.612000 0.692200 0.382500
0.755400 0.477100 0.449200
0.540600 0.769300 0.340400
0.675700 0.589700 0.442500
0.672600 0.593400 0.442100
0.622700 0.683900 0.380200
-0.778600 -0.451400 0.436000
-0.792300 -0.437600 0.425300
-0.777800 -0.453600 0.435100
-0.703800 -0.475700 0.527600
-0.670400 -0.516200 0.533000
-0.677300 -0.500900 0.538800
-0.572000 -0.642000 0.510500
-0.533600 -0.670300 0.515800
-0.631100 -0.558800 0.537900
-0.415400 -0.751400 0.512600
-0.309900 -0.815600 0.488600
-0.454400 -0.733900 0.504900
-0.108100 -0.878100 0.466200
-0.026000 -0.881900 0.470700
-0.234500 -0.834400 0.498800
-0.076500 -0.887500 0.454400
-0.697300 -0.486500 0.526500
0.156700 -0.870500 0.466600
0.094000 -0.886800 0.452400
0.300200 -0.840100 0.451800
0.330900 -0.834700 0.440100
0.431800 -0.791700 0.432200
0.337400 -0.831400 0.441400
0.522700 -0.747200 0.410400
0.648200 -0.631100 0.426100
0.682200 -0.557900 0.472600
0.694400 -0.551000 0.462700
0.630300 -0.644400 0.433000
0.690700 -0.547900 0.472000
0.764000 -0.436700 0.475000
0.717300 -0.496100 0.489200
0.698200 -0.538500 0.471600
0.404000 -0.808100 0.428600
0.252200 -0.860400 0.442900
0.491500 -0.762600 0.420500
0.679700 -0.567900 0.464300
0.855600 0.517600 0.002000
-0.247000 0.515600 0.820500
-0.111000 0.648400 0.753100
0.343500 0.471500 0.812200
0.095700 0.550900 0.829000
0.866000 -0.033100 0.499000
0.552200 0.197600 0.810000
0.560200 0.511300 0.651700
0.642000 -0.029100 0.766200
0.148500 0.581600 0.799800
0.397800 0.347700 0.849000
0.858300 -0.076400 0.507500
0.693500 -0.016600 0.720200
0.542400 0.062300 0.837800
0.540600 0.019600 0.841100
-0.305600 0.554600 0.774000
-0.505300 0.134100 0.852500
-0.573200 -0.000000 0.819400
-0.479000 0.006700 0.877800
0.055300 0.700100 0.711900
0.106200 0.669200 0.735400
-0.580900 0.018600 0.813800
-0.573800 0.017200 0.818800
-0.568500 0.098900 0.816700
-0.318300 0.212200 0.923900
-0.371500 0.134300 0.918700
-0.140300 0.268600 0.953000
-0.216300 0.242300 0.945800
-0.071000 0.280300 0.957300
-0.085700 0.274400 0.957800
0.037700 0.259800 0.964900
-0.001600 0.319000 0.947800
0.055500 0.239600 0.969300
0.039500 0.260800 0.964600
-0.003200 0.314900 0.949100
-0.141600 0.266600 0.953300
-0.362400 0.245500 0.899100
-0.065400 0.278500 0.958200
-0.208500 0.255900 0.943900
-0.093900 -0.334100 0.937800
-0.029500 -0.342700 0.939000
-0.095800 -0.326200 0.940500
0.002800 -0.295200 0.955400
-0.182600 -0.294900 0.937900
-0.278400 -0.246500 0.928300
-0.211400 -0.272700 0.938600
-0.214300 -0.245000 0.945500
-0.313500 -0.218700 0.924100
-0.321700 -0.237900 0.916500
-0.291800 -0.008800 0.956400
-0.270200 -0.189100 0.944100
-0.307600 -0.178300 0.934700
-0.314200 -0.219100 0.923700
-0.184400 -0.273900 0.943900
-0.277700 -0.223100 0.934400
-0.209400 0.209400 0.955200
-0.207900 0.264600 0.941700
-0.091200 0.187800 0.978000
-0.604100 0.796700 -0.020500
-0.287300 0.143600 0.947000
-0.320900 -0.182900 0.929300
0.759100 0.650800 0.013600
0.113800 0.257500 0.959600
0.207600 0.186000 0.960400
0.205400 0.179200 0.962100
0.245900 0.155300 0.956800
0.210600 0.185800 0.959800
0.239100 0.156300 0.958300
0.254300 -0.175900 0.951000
0.251900 -0.154200 0.955400
0.288000 -0.240600 0.926900
0.269400 -0.207800 0.940300
0.243500 -0.249000 0.937400
0.251400 -0.211100 0.944600
0.162900 -0.325800 0.931300
0.194600 -0.301900 0.933300
0.087600 -0.299000 0.950200
0.134800 -0.332200 0.933500
0.052500 -0.291600 0.955100
0.047300 -0.301400 0.952300
0.071200 -0.322200 0.944000
0.141200 -0.320200 0.936800
0.234800 -0.208700 0.949400
0.264400 -0.208500 0.941600
0.301300 -0.024600 0.953200
0.209500 0.171400 0.962700
0.246000 -0.175500 0.953200
0.249300 0.145400 0.957400
0.202300 -0.252900 0.946100
-0.574600 0.818400 0.003800
-0.693900 0.720100 -0.002200
-0.763200 0.646100 -0.001900
0.829100 0.559100 0.002000
0.674700 0.738100 -0.004700
277
0 0 1 2 0 0 0 1
0 3 4 5 0 0 0 1
0 6 7 8 1 1 1 1
0 9 10 11 0 0 0 1
0 12 13 14 0 0 0 1
0 15 16 17 2 2 2 1
0 18 19 20 3 3 3 1
0 21 22 23 4 4 4 1
0 23 22 24 5 5 5 1
0 25 26 27 6 6 6 1
0 28 29 25 7 7 7 1
0 30 31 32 8 8 8 1
0 33 34 35 9 9 9 1
0 36 37 38 10 10 10 1
0 39 40 41 11 11 11 1
0 42 43 44 12 12 12 1
0 45 46 47 13 13 13 1
0 48 49 13 14 14 14 1
0 1 0 22 15 15 15 1
0 50 51 52 16 16 16 1
0 10 9 53 17 17 17 1
0 54 55 42 18 18 18 1
0 56 57 58 19 19 19 1
0 59 57 60 20 20 20 1
0 7 59 60 21 21 21 1
0 61 62 63 22 22 22 1
0 29 45 64 23 23 23 1
0 64 48 29 24 24 24 1
0 65 66 50 0 0 0 1
0 66 67 68 0 0 0 1
0 67 69 70 0 0 0 1
0 68 71 66 0 0 0 1
0 71 0 72 0 0 0 1
0 66 51 50 0 0 0 1
0 67 70 68 0 0 0 1
0 73 65 74 0 0 0 1
0 50 74 65 0 0 0 1
0 75 51 71 0 0 0 1
0 71 51 66 0 0 0 1
0 2 72 0 0 0 0 1
0 72 75 71 0 0 0 1
0 70 69 4 0 0 0 1
0 69 5 4 0 0 0 1
0 5 76 77 0 0 0 1
0 76 78 77 0 0 0 1
0 77 55 3 0 0 0 1
0 5 77 3 0 0 0 1
0 55 57 56 0 0 0 1
0 55 56 79 0 0 0 1
0 55 79 3 0 0 0 1
0 80 81 82 0 0 0 1
0 82 6 80 0 0 0 1
0 6 83 7 25 25 25 1
0 80 6 8 0 0 0 1
0 83 62 7 25 25 25 1
0 60 57 8 26 26 26 1
0 57 55 54 0 0 0 1
0 7 60 8 27 27 27 1
0 54 8 57 0 0 0 1
0 10 84 45 0 0 0 1
0 84 14 49 0 0 0 1
0 64 84 49 0 0 0 1
0 45 47 11 0 0 0 1
0 64 45 84 0 0 0 1
0 10 45 11 0 0 0 1
0 13 49 14 0 0 0 1
0 14 85 12 0 0 0 1
0 85 86 69 0 0 0 1
0 12 85 87 0 0 0 1
0 86 88 69 0 0 0 1
0 88 89 69 0 0 0 1
0 69 67 87 0 0 0 1
0 69 87 85 0 0 0 1
0 15 90 91 28 28 28 1
0 15 91 16 29 29 29 1
0 92 93 17 30 30 30 1
0 93 15 17 31 31 31 1
0 94 95 96 32 32 32 1
0 95 92 96 33 33 33 1
0 97 98 52 34 34 34 1
0 98 94 96 35 35 35 1
0 20 99 100 36 36 36 1
0 99 97 52 37 37 37 1
0 100 18 20 38 38 38 1
0 52 100 99 39 39 39 1
0 98 96 52 40 40 40 1
0 96 92 17 41 41 41 1
0 18 101 19 42 42 42 1
0 23 102 21 43 43 43 1
0 102 103 21 44 44 44 1
0 103 104 21 45 45 45 1
0 104 105 21 46 46 46 1
0 105 106 21 47 47 47 1
0 106 107 108 0 0 0 1
0 21 106 108 48 48 48 1
0 108 19 21 49 49 49 1
0 19 101 21 50 50 50 1
0 24 109 110 51 51 51 1
0 110 23 24 52 52 52 1
0 90 15 27 53 53 53 1
0 15 25 27 54 54 54 1
0 48 26 29 0 0 0 1
0 26 25 29 55 55 55 1
0 25 111 28 56 56 56 1
0 111 112 46 57 57 57 1
0 112 113 46 58 58 58 1
0 113 114 46 59 59 59 1
0 114 115 116 60 60 60 1
0 117 116 115 61 61 61 1
0 116 46 114 62 62 62 1
0 46 28 111 63 63 63 1
0 31 118 63 64 64 64 1
0 118 109 61 65 65 65 1
0 31 63 32 66 66 66 1
0 109 119 120 67 67 67 1
0 120 121 109 68 68 68 1
0 121 58 109 69 69 69 1
0 58 59 109 70 70 70 1
0 59 61 109 71 71 71 1
0 61 63 118 72 72 72 1
0 32 122 123 73 73 73 1
0 123 30 32 74 74 74 1
0 124 116 117 75 75 75 1
0 117 125 124 76 76 76 1
0 125 126 35 77 77 77 1
0 124 125 35 78 78 78 1
0 126 33 35 79 79 79 1
0 33 127 34 80 80 80 1
0 127 128 34 81 81 81 1
0 128 129 130 0 0 0 1
0 34 128 130 82 82 82 1
0 130 53 131 83 83 83 1
0 130 131 34 84 84 84 1
0 132 133 134 85 85 85 1
0 134 135 132 86 86 86 1
0 135 37 132 87 87 87 1
0 132 37 36 88 88 88 1
0 37 136 137 89 89 89 1
0 136 138 139 90 90 90 1
0 37 137 38 91 91 91 1
0 138 122 32 92 92 92 1
0 139 140 136 93 93 93 1
0 140 137 136 94 94 94 1
0 138 32 139 95 95 95 1
0 141 53 142 96 96 96 1
0 53 130 142 97 97 97 1
0 142 143 141 98 98 98 1
0 143 144 145 99 99 99 1
0 144 146 147 100 100 100 1
0 145 144 147 101 101 101 1
0 146 41 40 102 102 102 1
0 41 148 39 103 103 103 1
0 146 40 147 104 104 104 1
0 148 149 39 105 105 105 1
0 149 150 151 106 106 106 1
0 39 149 151 107 107 107 1
0 150 152 153 108 108 108 1
0 152 154 153 109 109 109 1
0 150 153 151 110 110 110 1
0 154 155 153 111 111 111 1
0 145 141 143 112 112 112 1
0 156 155 157 113 113 113 1
0 155 154 157 114 114 114 1
0 157 158 156 115 115 115 1
0 158 159 160 116 116 116 1
0 159 161 162 117 117 117 1
0 160 159 162 118 118 118 1
0 161 163 164 119 119 119 1
0 163 44 43 120 120 120 1
0 44 165 42 121 121 121 1
0 165 166 167 122 122 122 1
0 164 163 43 123 123 123 1
0 166 168 169 124 124 124 1
0 168 134 133 125 125 125 1
0 169 168 133 126 126 126 1
0 169 167 166 127 127 127 1
0 162 161 170 128 128 128 1
0 160 156 158 129 129 129 1
0 170 161 164 130 130 130 1
0 167 42 165 131 131 131 1
0 45 28 46 132 132 132 1
0 79 56 121 133 133 133 1
0 56 58 121 134 134 134 1
0 4 3 120 135 135 135 1
0 3 79 120 136 136 136 1
0 68 70 109 137 137 137 1
0 70 4 119 138 138 138 1
0 109 70 119 139 139 139 1
0 71 68 24 140 140 140 1
0 79 121 120 141 141 141 1
0 4 120 119 142 142 142 1
0 109 24 68 143 143 143 1
0 24 22 71 144 144 144 1
0 22 21 1 145 145 145 1
0 71 22 0 146 146 146 1
0 12 87 26 147 147 147 1
0 87 67 26 148 148 148 1
0 67 66 27 149 149 149 1
0 26 67 27 150 150 150 1
0 48 13 26 151 151 151 1
0 13 12 26 152 152 152 1
0 90 27 65 153 153 153 1
0 65 27 66 154 154 154 1
0 91 90 65 155 155 155 1
0 17 16 73 156 156 156 1
0 16 91 73 157 157 157 1
0 52 96 50 158 158 158 1
0 96 17 74 159 159 159 1
0 18 100 51 160 160 160 1
0 100 52 51 161 161 161 1
0 21 101 2 162 162 162 1
0 101 18 72 163 163 163 1
0 2 1 21 164 164 164 1
0 72 2 101 165 165 165 1
0 72 18 75 166 166 166 1
0 96 74 50 167 167 167 1
0 91 65 73 168 168 168 1
0 75 18 51 169 169 169 1
0 17 73 74 170 170 170 1
0 151 153 89 171 171 171 1
0 153 155 89 172 172 172 1
0 151 89 88 173 173 173 1
0 155 69 89 174 174 174 1
0 39 151 88 175 175 175 1
0 147 40 85 176 176 176 1
0 40 39 86 177 177 177 1
0 85 40 86 178 178 178 1
0 141 145 84 179 179 179 1
0 145 147 14 180 180 180 1
0 34 131 9 181 181 181 1
0 131 53 9 182 182 182 1
0 53 141 10 183 183 183 1
0 145 14 84 184 184 184 1
0 39 88 86 185 185 185 1
0 14 147 85 186 186 186 1
0 35 34 9 187 187 187 1
0 116 124 46 0 0 0 1
0 124 35 11 188 188 188 1
0 46 124 11 189 189 189 1
0 11 47 46 190 190 190 1
0 9 11 35 191 191 191 1
0 141 84 10 192 192 192 1
0 139 32 63 0 0 0 1
0 63 62 83 193 193 193 1
0 63 83 139 194 194 194 1
0 83 6 140 195 195 195 1
0 140 139 83 196 196 196 1
0 38 137 82 197 197 197 1
0 137 140 6 198 198 198 1
0 132 36 133 0 0 0 1
0 36 38 81 199 199 199 1
0 169 133 80 200 200 200 1
0 80 133 81 201 201 201 1
0 42 167 54 202 202 202 1
0 167 169 8 203 203 203 1
0 164 43 77 204 204 204 1
0 43 42 55 205 205 205 1
0 162 170 78 206 206 206 1
0 170 164 78 207 207 207 1
0 156 160 5 208 208 208 1
0 160 162 76 209 209 209 1
0 69 155 156 210 210 210 1
0 5 69 156 211 211 211 1
0 160 76 5 212 212 212 1
0 76 162 78 213 213 213 1
0 43 55 77 214 214 214 1
0 167 8 54 215 215 215 1
0 36 81 133 216 216 216 1
0 137 6 82 217 217 217 1
0 8 169 80 218 218 218 1
0 38 82 81 219 219 219 1
0 77 78 164 220 220 220 1
0 59 58 57 221 221 221 1
0 7 61 59 222 222 222 1
0 61 7 62 223 223 223 1
0 29 28 45 224 224 224 1
0 64 49 48 225 225 225 1

Materials: 2
"black"
0.000000 0.000000 0.000000 1.000000
0.000000 0.000000 0.000000 1.000000
0.000000 0.000000 0.000000 1.000000
0.000000 0.000000 0.000000 1.000000
0.000000
1.000000
""
""
"fire"
0.200000 0.200000 0.200000 1.000000
0.800000 0.800000 0.800000 1.000000
0.000000 0.000000 0.000000 1.000000
0.000000 0.000000 0.000000 1.000000
0.000000
1.000000
"textures/_mine flame.ini"
""

Bones: 0
GroupComments: 0
MaterialComments: 0
BoneComments: 0
ModelComment: 0
